"subjID"	"prob"	"ambig"	"reward_var"	"reward_fix"	"choice"
1	0.13	0	9.5	5	0
1	0.25	0.75	5	5	0
1	0.38	0.75	9.5	5	1
1	0.25	0.5	65	5	1
1	0.25	0	65	5	1
1	0.38	0	18	5	1
1	0.13	0	5	5	0
1	0.25	0	9.5	5	0
1	0.25	0.5	9.5	5	0
1	0.38	0.5	34	5	1
1	0.13	0	34	5	0
1	0.25	0	9.5	5	0
1	0.38	0	18	5	1
1	0.38	0.75	18	5	0
1	0.38	0	65	5	1
1	0.25	0	18	5	1
1	0.13	0.25	9.5	5	0
1	0.13	0	18	5	0
1	0.25	0.5	18	5	0
1	0.38	0.75	5	5	0
1	0.13	0	18	5	0
1	0.38	0.25	65	5	1
1	0.13	0.25	9.5	5	0
1	0.38	0	18	5	1
1	0.38	0	5	5	0
1	0.13	0	9.5	5	0
1	0.13	0.5	9.5	5	0
1	0.25	0	34	5	1
1	0.38	0	5	5	1
1	0.38	0.75	9.5	5	0
1	0.25	0.5	5	5	0
1	0.38	0.5	18	5	0
1	0.13	0	65	5	1
1	0.13	0	18	5	0
1	0.25	0.5	18	5	0
1	0.38	0	5	5	0
1	0.13	0	5	5	0
1	0.13	0	9.5	5	0
1	0.13	0	18	5	0
1	0.25	0.75	18	5	0
1	0.25	0	34	5	1
1	0.25	0.25	34	5	1
1	0.13	0.75	18	5	0
1	0.38	0.25	9.5	5	0
1	0.38	0	5	5	0
1	0.13	0.25	65	5	0
1	0.25	0	5	5	0
1	0.38	0.25	65	5	1
1	0.25	0	9.5	5	0
1	0.13	0.75	5	5	0
1	0.25	0.75	18	5	0
1	0.25	0	5	5	0
1	0.38	0	5	5	0
1	0.38	0	18	5	1
1	0.13	0.75	9.5	5	0
1	0.25	0.5	18	5	0
1	0.13	0	65	5	0
1	0.25	0.75	18	5	0
1	0.25	0.5	65	5	1
1	0.25	0	65	5	1
1	0.13	0	65	5	0
1	0.38	0	5	5	0
1	0.25	0.25	9.5	5	0
1	0.13	0.25	34	5	1
1	0.25	0.5	5	5	1
1	0.25	0.5	18	5	0
1	0.13	0	18	5	1
1	0.13	0	65	5	1
1	0.25	0.75	5	5	0
1	0.38	0	9.5	5	0
1	0.25	0	18	5	0
1	0.38	0.5	18	5	1
1	0.13	0	18	5	0
1	0.25	0.75	9.5	5	0
1	0.13	0	65	5	0
1	0.25	0.25	65	5	1
1	0.38	0.25	5	5	0
1	0.13	0.75	34	5	0
1	0.13	0	65	5	1
1	0.13	0.25	5	5	0
1	0.13	0.75	9.5	5	0
1	0.25	0	65	5	1
1	0.25	0.5	34	5	0
1	0.13	0.5	65	5	0
1	0.38	0	18	5	1
1	0.25	0.25	18	5	0
1	0.13	0.5	34	5	0
1	0.13	0.25	5	5	0
1	0.38	0.75	34	5	1
1	0.25	0.75	5	5	0
1	0.38	0.5	5	5	0
1	0.25	0.25	18	5	0
1	0.38	0.75	65	5	0
1	0.13	0	34	5	0
1	0.13	0.5	34	5	0
1	0.13	0	5	5	0
1	0.13	0	65	5	1
1	0.25	0.5	34	5	1
1	0.25	0	5	5	0
1	0.38	0	5	5	0
1	0.25	0	65	5	1
1	0.38	0	65	5	1
1	0.25	0	5	5	0
1	0.25	0.75	34	5	0
1	0.38	0.75	34	5	0
1	0.13	0.5	65	5	0
1	0.25	0	65	5	1
1	0.25	0.5	9.5	5	0
1	0.25	0.75	34	5	0
1	0.38	0.75	34	5	0
1	0.25	0.5	65	5	0
1	0.38	0	65	5	1
1	0.25	0	34	5	1
1	0.25	0	65	5	1
1	0.25	0.75	9.5	5	0
1	0.25	0.25	34	5	0
1	0.38	0.25	18	5	0
1	0.38	0	18	5	1
1	0.13	0	65	5	1
1	0.38	0.75	9.5	5	0
1	0.38	0	5	5	0
1	0.13	0	9.5	5	0
1	0.38	0	9.5	5	1
1	0.38	0	34	5	1
1	0.38	0	34	5	1
1	0.13	0	9.5	5	0
1	0.38	0.5	18	5	1
1	0.13	0	5	5	0
1	0.38	0.5	18	5	1
1	0.25	0.25	65	5	1
1	0.38	0.5	34	5	1
1	0.38	0.5	34	5	1
1	0.25	0	9.5	5	0
1	0.13	0	34	5	0
1	0.13	0	18	5	0
1	0.13	0	34	5	0
1	0.38	0.75	18	5	1
1	0.25	0.25	9.5	5	0
1	0.38	0.25	34	5	1
1	0.25	0	65	5	1
1	0.38	0	34	5	1
1	0.13	0	9.5	5	0
1	0.13	0.75	9.5	5	0
1	0.38	0	34	5	1
1	0.25	0	9.5	5	1
1	0.25	0	5	5	0
1	0.25	0.25	18	5	0
1	0.13	0	5	5	0
1	0.13	0	65	5	0
1	0.13	0	65	5	0
1	0.38	0.25	34	5	1
1	0.38	0	18	5	1
1	0.13	0.25	34	5	0
1	0.13	0	5	5	1
1	0.25	0.25	5	5	0
1	0.38	0	5	5	1
1	0.13	0.25	9.5	5	0
1	0.25	0	9.5	5	1
1	0.38	0.75	34	5	0
1	0.38	0	9.5	5	0
1	0.25	0.75	34	5	0
1	0.13	0.25	9.5	5	0
1	0.13	0	5	5	0
1	0.38	0.5	34	5	0
1	0.38	0	5	5	0
1	0.38	0	9.5	5	0
1	0.38	0	65	5	1
1	0.38	0.25	65	5	1
1	0.13	0.5	34	5	0
1	0.25	0	34	5	1
1	0.13	0.75	34	5	1
1	0.38	0.5	5	5	0
1	0.13	0	65	5	1
1	0.38	0.25	65	5	1
1	0.25	0.25	9.5	5	0
1	0.13	0.25	18	5	0
1	0.13	0.5	9.5	5	0
1	0.38	0.75	18	5	0
1	0.13	0	65	5	1
1	0.25	0	5	5	0
2	0.25	0.75	9.5	5	0
2	0.13	0	18	5	0
2	0.25	0.5	65	5	0
2	0.38	0	18	5	1
2	0.25	0	34	5	1
2	0.25	0.75	18	5	0
2	0.25	0.25	5	5	0
2	0.38	0.5	18	5	0
2	0.25	0	9.5	5	0
2	0.13	0	65	5	1
2	0.13	0.25	9.5	5	1
2	0.13	0.5	9.5	5	0
2	0.25	0.75	18	5	0
2	0.25	0.25	9.5	5	0
2	0.25	0.5	34	5	0
2	0.38	0	34	5	1
2	0.38	0	5	5	1
2	0.13	0	18	5	0
2	0.38	0	9.5	5	0
2	0.25	0.25	5	5	0
2	0.13	0	5	5	0
2	0.38	0.25	65	5	1
2	0.13	0	5	5	1
2	0.13	0.5	5	5	0
2	0.38	0	34	5	1
2	0.13	0	18	5	0
2	0.13	0	34	5	1
2	0.38	0	18	5	1
2	0.25	0.5	65	5	0
2	0.13	0.25	65	5	1
2	0.25	0	65	5	0
2	0.38	0.25	18	5	0
2	0.38	0	34	5	1
2	0.38	0	18	5	1
2	0.25	0	5	5	0
2	0.25	0.75	65	5	0
2	0.38	0	5	5	1
2	0.13	0.5	9.5	5	0
2	0.13	0	65	5	0
2	0.25	0	18	5	1
2	0.38	0	9.5	5	1
2	0.38	0.25	9.5	5	0
2	0.25	0.5	18	5	0
2	0.13	0	65	5	0
2	0.38	0	34	5	1
2	0.38	0	34	5	1
2	0.38	0.5	65	5	1
2	0.13	0	9.5	5	1
2	0.13	0.5	18	5	0
2	0.38	0	65	5	1
2	0.13	0.5	65	5	0
2	0.25	0.75	34	5	0
2	0.13	0	34	5	0
2	0.13	0.25	18	5	0
2	0.13	0.75	5	5	0
2	0.38	0.25	18	5	1
2	0.38	0	9.5	5	0
2	0.38	0.75	5	5	0
2	0.13	0.5	65	5	0
2	0.38	0	34	5	0
2	0.13	0	34	5	0
2	0.25	0	9.5	5	0
2	0.38	0	65	5	1
2	0.38	0	18	5	1
2	0.13	0.5	65	5	0
2	0.38	0	9.5	5	0
2	0.13	0.25	34	5	1
2	0.13	0	34	5	0
2	0.38	0.25	9.5	5	0
2	0.13	0.75	18	5	0
2	0.13	0.75	9.5	5	0
2	0.25	0.75	65	5	0
2	0.38	0.5	65	5	0
2	0.38	0.25	65	5	1
2	0.38	0	18	5	1
2	0.13	0	9.5	5	0
2	0.25	0	65	5	1
2	0.25	0.75	18	5	0
2	0.25	0	5	5	0
2	0.38	0	9.5	5	0
2	0.25	0	5	5	0
2	0.13	0	5	5	0
2	0.13	0	5	5	0
2	0.13	0	65	5	1
2	0.25	0	18	5	0
2	0.38	0.5	65	5	0
2	0.38	0.25	5	5	0
2	0.13	0.75	18	5	1
2	0.38	0	9.5	5	1
2	0.13	0.5	5	5	0
2	0.25	0	18	5	0
2	0.25	0.5	34	5	0
2	0.13	0	34	5	0
2	0.25	0.25	34	5	0
2	0.38	0	65	5	1
2	0.38	0.75	5	5	0
2	0.13	0	5	5	0
2	0.13	0.25	9.5	5	0
2	0.38	0.5	9.5	5	0
2	0.38	0.5	9.5	5	0
2	0.25	0	34	5	0
2	0.25	0.75	34	5	0
2	0.38	0.5	18	5	1
2	0.38	0.25	65	5	1
2	0.38	0.5	65	5	1
2	0.25	0.5	34	5	1
2	0.13	0.25	5	5	0
2	0.25	0	5	5	1
2	0.38	0.25	65	5	1
2	0.13	0.75	18	5	1
2	0.25	0.75	9.5	5	0
2	0.25	0.25	65	5	1
2	0.13	0	34	5	0
2	0.13	0	34	5	1
2	0.13	0	9.5	5	0
2	0.13	0	9.5	5	0
2	0.25	0	5	5	0
2	0.25	0.25	34	5	0
2	0.25	0.5	65	5	0
2	0.38	0.75	18	5	0
2	0.38	0	34	5	0
2	0.25	0	34	5	0
2	0.13	0.25	18	5	0
2	0.13	0	34	5	0
2	0.38	0.5	9.5	5	0
2	0.13	0.75	65	5	0
2	0.25	0.75	18	5	0
2	0.38	0	5	5	0
2	0.25	0	9.5	5	1
2	0.25	0.75	18	5	0
2	0.38	0.75	18	5	0
2	0.38	0.75	9.5	5	0
2	0.25	0	5	5	1
2	0.25	0.5	9.5	5	0
2	0.25	0.25	5	5	0
2	0.25	0	34	5	1
2	0.25	0	65	5	1
2	0.25	0.75	34	5	0
2	0.38	0.75	9.5	5	0
2	0.38	0	5	5	1
2	0.25	0	34	5	1
2	0.13	0	5	5	0
2	0.13	0	18	5	0
2	0.38	0.25	65	5	0
2	0.13	0.25	65	5	0
2	0.13	0	65	5	0
2	0.25	0.5	9.5	5	0
2	0.25	0.75	18	5	0
2	0.38	0.25	5	5	0
2	0.38	0	65	5	1
2	0.13	0	34	5	0
2	0.13	0	9.5	5	0
2	0.25	0.25	34	5	0
2	0.25	0.25	34	5	1
2	0.25	0	5	5	0
2	0.25	0	5	5	0
2	0.13	0	18	5	0
2	0.38	0	34	5	1
2	0.25	0	5	5	0
2	0.13	0	5	5	0
2	0.13	0	5	5	0
2	0.38	0.75	5	5	0
2	0.38	0	65	5	1
2	0.38	0	9.5	5	0
2	0.25	0.25	34	5	0
2	0.38	0.5	18	5	0
2	0.25	0.5	34	5	0
2	0.38	0.75	5	5	0
2	0.25	0.75	5	5	0
2	0.13	0.5	18	5	0
2	0.25	0.75	9.5	5	0
2	0.13	0	34	5	1
2	0.13	0	18	5	0
2	0.13	0	65	5	0
2	0.38	0	9.5	5	1
2	0.13	0.25	9.5	5	0
2	0.13	0.5	9.5	5	0
2	0.38	0.75	5	5	0
2	0.25	0	65	5	0
2	0.25	0	18	5	0
3	0.25	0	34	5	1
3	0.38	0	18	5	0
3	0.13	0.25	65	5	0
3	0.38	0	9.5	5	1
3	0.38	0.5	5	5	1
3	0.25	0.75	18	5	1
3	0.13	0.75	18	5	0
3	0.13	0.5	65	5	0
3	0.38	0.25	9.5	5	0
3	0.38	0.25	65	5	0
3	0.13	0	65	5	0
3	0.13	0.25	65	5	0
3	0.25	0	5	5	1
3	0.25	0.5	5	5	0
3	0.38	0.25	34	5	0
3	0.25	0	18	5	0
3	0.13	0	65	5	0
3	0.25	0	65	5	0
3	0.25	0.25	34	5	0
3	0.13	0	34	5	1
3	0.13	0.5	18	5	0
3	0.25	0	65	5	0
3	0.13	0	34	5	1
3	0.38	0.25	9.5	5	1
3	0.38	0.75	18	5	1
3	0.38	0	5	5	0
3	0.38	0.25	65	5	0
3	0.25	0	18	5	1
3	0.25	0	5	5	0
3	0.13	0	65	5	1
3	0.25	0.75	9.5	5	0
3	0.25	0	65	5	1
3	0.38	0	18	5	0
3	0.13	0.75	18	5	0
3	0.13	0.75	34	5	0
3	0.38	0	65	5	1
3	0.25	0.75	5	5	0
3	0.38	0.25	9.5	5	1
3	0.38	0.25	9.5	5	1
3	0.25	0.25	34	5	0
3	0.38	0.5	65	5	1
3	0.25	0	65	5	0
3	0.38	0	65	5	1
3	0.13	0.25	5	5	0
3	0.38	0.5	18	5	1
3	0.25	0.75	9.5	5	0
3	0.13	0	34	5	0
3	0.25	0	34	5	1
3	0.25	0.75	34	5	0
3	0.25	0	34	5	1
3	0.25	0.5	34	5	0
3	0.25	0	65	5	0
3	0.38	0	65	5	1
3	0.25	0	18	5	1
3	0.25	0.75	34	5	0
3	0.38	0	9.5	5	0
3	0.13	0.25	65	5	0
3	0.25	0	65	5	1
3	0.38	0.75	5	5	1
3	0.13	0.5	9.5	5	0
3	0.25	0	9.5	5	1
3	0.38	0	34	5	0
3	0.38	0.25	65	5	0
3	0.13	0	9.5	5	0
3	0.38	0.5	34	5	1
3	0.13	0.75	5	5	0
3	0.38	0	5	5	1
3	0.25	0	65	5	0
3	0.13	0	34	5	1
3	0.25	0	5	5	1
3	0.13	0.5	9.5	5	1
3	0.25	0	65	5	1
3	0.38	0	5	5	0
3	0.25	0	34	5	0
3	0.25	0	34	5	0
3	0.25	0	9.5	5	0
3	0.25	0.75	34	5	0
3	0.25	0.5	5	5	0
3	0.38	0	18	5	1
3	0.38	0.25	5	5	1
3	0.13	0	9.5	5	1
3	0.38	0	34	5	0
3	0.13	0.5	34	5	0
3	0.13	0	65	5	1
3	0.13	0	9.5	5	0
3	0.38	0	5	5	1
3	0.38	0.5	18	5	0
3	0.25	0	34	5	0
3	0.38	0	65	5	1
3	0.13	0	65	5	0
3	0.13	0	5	5	0
3	0.13	0	5	5	0
3	0.13	0	18	5	0
3	0.25	0.5	9.5	5	0
3	0.13	0	34	5	1
3	0.13	0.25	18	5	0
3	0.13	0.5	34	5	1
3	0.38	0.75	9.5	5	0
3	0.38	0.5	18	5	0
3	0.25	0.25	9.5	5	0
3	0.25	0.75	34	5	0
3	0.13	0	5	5	0
3	0.38	0	65	5	1
3	0.38	0.5	65	5	0
3	0.25	0.5	5	5	0
3	0.25	0.25	9.5	5	0
3	0.38	0	9.5	5	1
3	0.25	0	65	5	0
3	0.25	0.75	18	5	0
3	0.13	0	65	5	1
3	0.13	0	18	5	0
3	0.13	0.25	9.5	5	0
3	0.13	0	9.5	5	0
3	0.25	0	18	5	1
3	0.38	0.5	34	5	1
3	0.38	0	9.5	5	1
3	0.38	0.5	5	5	1
3	0.13	0.75	65	5	1
3	0.38	0.5	18	5	0
3	0.13	0.75	34	5	0
3	0.13	0	18	5	0
3	0.25	0.75	34	5	0
3	0.38	0	18	5	1
3	0.38	0	5	5	0
3	0.13	0.5	9.5	5	0
3	0.13	0.25	18	5	1
3	0.38	0.75	18	5	0
3	0.38	0	18	5	0
3	0.25	0.75	5	5	0
3	0.25	0.25	18	5	0
3	0.25	0	9.5	5	0
3	0.38	0	5	5	0
3	0.13	0.5	5	5	0
3	0.13	0.25	65	5	0
3	0.25	0.75	5	5	1
3	0.13	0.5	9.5	5	0
3	0.13	0	18	5	1
3	0.38	0	5	5	0
3	0.25	0.25	18	5	0
3	0.25	0	18	5	0
3	0.25	0	18	5	0
3	0.13	0	5	5	0
3	0.38	0.75	9.5	5	0
3	0.38	0.5	34	5	1
3	0.25	0	18	5	1
3	0.38	0.5	5	5	1
3	0.38	0.75	5	5	0
3	0.13	0	65	5	1
3	0.38	0.75	5	5	1
3	0.13	0.75	9.5	5	0
3	0.25	0	5	5	0
3	0.13	0	9.5	5	1
3	0.25	0	18	5	0
3	0.25	0.75	9.5	5	0
3	0.25	0.25	9.5	5	0
3	0.25	0.25	5	5	0
3	0.38	0	34	5	1
3	0.38	0.5	65	5	0
3	0.25	0	65	5	1
3	0.13	0.25	34	5	0
3	0.13	0	65	5	1
3	0.13	0.75	34	5	0
3	0.38	0	34	5	0
3	0.13	0	9.5	5	0
3	0.38	0.75	9.5	5	0
3	0.38	0.5	9.5	5	1
3	0.13	0.25	18	5	0
3	0.13	0	18	5	0
3	0.25	0	5	5	0
3	0.38	0	9.5	5	1
3	0.25	0.25	18	5	0
3	0.38	0.75	65	5	1
3	0.38	0	9.5	5	1
3	0.13	0.5	18	5	0
3	0.13	0.25	34	5	0
3	0.13	0	5	5	1
3	0.13	0.25	34	5	0
3	0.25	0.5	5	5	0
3	0.13	0	5	5	0
3	0.38	0	34	5	1
4	0.13	0	65	5	0
4	0.13	0.5	34	5	0
4	0.13	0.5	9.5	5	0
4	0.38	0.5	65	5	1
4	0.25	0	9.5	5	0
4	0.38	0	65	5	1
4	0.13	0	34	5	0
4	0.13	0	34	5	1
4	0.38	0	34	5	1
4	0.13	0	34	5	1
4	0.25	0.25	34	5	1
4	0.13	0.75	65	5	0
4	0.38	0.25	65	5	1
4	0.38	0	9.5	5	1
4	0.25	0	9.5	5	1
4	0.13	0.75	65	5	0
4	0.38	0.25	65	5	1
4	0.13	0.25	18	5	0
4	0.25	0	18	5	1
4	0.25	0	9.5	5	0
4	0.13	0	65	5	1
4	0.38	0	5	5	1
4	0.13	0	34	5	0
4	0.13	0	18	5	0
4	0.25	0	18	5	1
4	0.38	0	5	5	0
4	0.13	0	34	5	1
4	0.25	0	18	5	1
4	0.38	0	5	5	0
4	0.13	0.5	18	5	0
4	0.25	0	65	5	1
4	0.13	0	65	5	1
4	0.25	0.5	5	5	0
4	0.38	0.5	18	5	0
4	0.25	0	9.5	5	1
4	0.13	0	65	5	0
4	0.38	0.25	18	5	1
4	0.38	0.75	34	5	0
4	0.13	0	18	5	1
4	0.13	0.75	5	5	0
4	0.13	0.25	9.5	5	0
4	0.13	0.75	5	5	0
4	0.25	0.75	65	5	0
4	0.13	0	18	5	1
4	0.38	0	18	5	1
4	0.13	0.25	9.5	5	0
4	0.13	0.5	9.5	5	0
4	0.13	0.75	9.5	5	0
4	0.13	0	9.5	5	0
4	0.25	0	65	5	1
4	0.38	0.75	9.5	5	0
4	0.13	0	18	5	0
4	0.38	0.75	65	5	1
4	0.25	0.25	65	5	0
4	0.25	0	5	5	0
4	0.38	0	18	5	1
4	0.25	0.75	18	5	0
4	0.25	0.5	34	5	0
4	0.38	0.25	5	5	0
4	0.25	0.25	9.5	5	1
4	0.38	0	18	5	1
4	0.25	0	18	5	0
4	0.25	0	34	5	0
4	0.38	0.5	34	5	1
4	0.25	0	34	5	1
4	0.25	0.75	5	5	0
4	0.38	0.25	5	5	0
4	0.25	0.5	18	5	0
4	0.25	0.5	18	5	0
4	0.13	0	65	5	0
4	0.38	0	5	5	1
4	0.25	0	9.5	5	1
4	0.25	0	65	5	1
4	0.25	0.75	9.5	5	1
4	0.13	0.75	5	5	0
4	0.13	0	5	5	0
4	0.25	0	34	5	1
4	0.25	0.5	5	5	0
4	0.25	0.25	9.5	5	0
4	0.38	0.75	34	5	0
4	0.13	0.75	65	5	0
4	0.38	0.5	18	5	0
4	0.38	0.75	18	5	0
4	0.13	0.75	65	5	0
4	0.25	0	5	5	0
4	0.38	0	5	5	1
4	0.13	0	65	5	1
4	0.38	0	65	5	1
4	0.13	0	65	5	1
4	0.13	0.75	9.5	5	0
4	0.13	0	34	5	0
4	0.25	0.5	65	5	0
4	0.13	0	34	5	0
4	0.38	0	65	5	1
4	0.25	0	5	5	0
4	0.25	0.5	18	5	1
4	0.25	0.75	5	5	0
4	0.13	0	9.5	5	0
4	0.38	0.75	5	5	0
4	0.25	0	9.5	5	0
4	0.38	0	18	5	1
4	0.25	0.25	9.5	5	0
4	0.38	0.25	9.5	5	1
4	0.25	0	34	5	1
4	0.13	0.25	5	5	0
4	0.38	0.5	65	5	1
4	0.38	0.25	9.5	5	0
4	0.25	0.75	9.5	5	0
4	0.25	0	34	5	1
4	0.25	0	65	5	1
4	0.38	0	34	5	1
4	0.13	0	34	5	0
4	0.38	0	5	5	0
4	0.25	0.75	65	5	0
4	0.38	0.25	5	5	0
4	0.38	0.5	65	5	1
4	0.25	0	9.5	5	0
4	0.25	0.25	5	5	0
4	0.38	0.75	65	5	0
4	0.13	0.5	9.5	5	0
4	0.13	0	18	5	1
4	0.38	0.25	18	5	1
4	0.25	0	5	5	1
4	0.38	0.25	18	5	0
4	0.38	0.75	18	5	1
4	0.38	0	5	5	1
4	0.25	0	18	5	0
4	0.38	0.75	5	5	0
4	0.25	0.5	65	5	0
4	0.38	0	65	5	1
4	0.25	0	65	5	1
4	0.13	0	5	5	0
4	0.25	0	18	5	1
4	0.38	0	5	5	0
4	0.38	0	18	5	1
4	0.38	0	65	5	1
4	0.38	0.25	9.5	5	0
4	0.13	0.75	18	5	0
4	0.38	0.5	9.5	5	1
4	0.13	0	34	5	0
4	0.38	0	65	5	1
4	0.25	0.5	34	5	1
4	0.25	0	65	5	0
4	0.13	0.5	5	5	0
4	0.38	0.5	9.5	5	0
4	0.25	0	9.5	5	0
4	0.13	0	34	5	1
4	0.25	0.25	9.5	5	1
4	0.13	0.25	65	5	0
4	0.38	0.25	34	5	1
4	0.13	0.5	18	5	0
4	0.38	0	34	5	0
4	0.13	0	9.5	5	1
4	0.25	0	18	5	0
4	0.38	0	34	5	1
4	0.25	0.75	34	5	0
4	0.38	0.25	5	5	1
4	0.13	0	18	5	0
4	0.25	0.25	5	5	0
4	0.25	0.5	18	5	0
4	0.25	0.5	9.5	5	0
4	0.25	0.75	18	5	0
4	0.38	0	34	5	1
4	0.13	0.25	34	5	0
4	0.13	0	9.5	5	1
4	0.13	0	34	5	1
4	0.38	0	34	5	1
4	0.13	0	5	5	0
4	0.38	0.5	34	5	1
4	0.38	0.75	5	5	0
4	0.13	0	34	5	0
4	0.38	0.25	9.5	5	0
4	0.25	0.75	34	5	0
4	0.13	0.5	9.5	5	0
4	0.25	0.5	18	5	0
4	0.13	0	9.5	5	0
4	0.13	0.5	5	5	0
4	0.13	0.25	34	5	0
4	0.13	0	5	5	0
4	0.38	0.25	5	5	0
5	0.25	0.75	18	5	0
5	0.25	0	5	5	0
5	0.25	0	9.5	5	0
5	0.25	0.75	9.5	5	0
5	0.38	0	34	5	1
5	0.38	0	65	5	1
5	0.13	0	5	5	1
5	0.38	0.75	9.5	5	1
5	0.13	0	9.5	5	0
5	0.38	0.25	65	5	1
5	0.38	0.5	9.5	5	1
5	0.25	0.25	5	5	0
5	0.25	0.75	34	5	0
5	0.25	0	34	5	1
5	0.13	0	9.5	5	0
5	0.13	0.5	9.5	5	0
5	0.13	0	34	5	0
5	0.25	0.75	65	5	0
5	0.13	0.75	9.5	5	0
5	0.38	0.25	18	5	0
5	0.38	0.5	5	5	1
5	0.13	0.25	65	5	0
5	0.13	0.75	9.5	5	0
5	0.38	0.25	18	5	0
5	0.13	0.25	18	5	0
5	0.13	0.25	34	5	1
5	0.13	0.25	18	5	0
5	0.38	0.75	18	5	0
5	0.38	0	9.5	5	1
5	0.13	0	65	5	0
5	0.13	0	18	5	0
5	0.38	0.75	5	5	0
5	0.25	0	18	5	0
5	0.25	0.25	34	5	1
5	0.25	0.5	34	5	0
5	0.25	0.25	65	5	1
5	0.13	0.5	18	5	0
5	0.13	0	34	5	1
5	0.25	0.5	34	5	1
5	0.25	0	18	5	0
5	0.13	0	18	5	0
5	0.38	0	18	5	1
5	0.38	0	65	5	1
5	0.25	0.5	65	5	1
5	0.38	0.5	34	5	0
5	0.38	0.75	34	5	1
5	0.13	0.75	5	5	0
5	0.25	0	34	5	1
5	0.25	0	9.5	5	0
5	0.13	0.5	34	5	0
5	0.25	0	9.5	5	0
5	0.38	0	34	5	1
5	0.25	0	18	5	1
5	0.25	0.25	5	5	1
5	0.38	0.25	9.5	5	0
5	0.13	0.75	9.5	5	0
5	0.13	0.75	5	5	0
5	0.38	0	5	5	0
5	0.25	0	18	5	1
5	0.38	0.75	65	5	1
5	0.25	0	5	5	0
5	0.38	0	65	5	1
5	0.13	0	5	5	1
5	0.25	0	18	5	1
5	0.25	0.75	65	5	0
5	0.38	0.25	5	5	0
5	0.38	0	34	5	1
5	0.25	0.5	65	5	0
5	0.38	0.5	9.5	5	0
5	0.25	0	5	5	1
5	0.25	0.25	5	5	0
5	0.13	0	65	5	0
5	0.38	0.25	5	5	0
5	0.25	0	9.5	5	1
5	0.38	0.5	18	5	1
5	0.38	0	5	5	0
5	0.25	0.75	65	5	0
5	0.38	0	65	5	1
5	0.13	0.25	34	5	0
5	0.13	0	34	5	1
5	0.13	0.75	9.5	5	0
5	0.25	0	65	5	1
5	0.25	0.5	34	5	0
5	0.13	0	5	5	0
5	0.38	0	18	5	0
5	0.13	0.25	9.5	5	0
5	0.25	0.75	34	5	0
5	0.38	0.25	5	5	0
5	0.13	0	5	5	0
5	0.13	0	5	5	0
5	0.25	0.75	65	5	0
5	0.25	0	18	5	1
5	0.13	0	34	5	0
5	0.38	0.5	5	5	0
5	0.13	0.25	34	5	0
5	0.38	0	65	5	1
5	0.38	0.5	18	5	0
5	0.13	0.5	5	5	0
5	0.38	0	9.5	5	1
5	0.25	0	5	5	0
5	0.25	0.75	9.5	5	0
5	0.13	0.5	9.5	5	0
5	0.38	0.5	9.5	5	0
5	0.25	0	18	5	0
5	0.38	0	65	5	1
5	0.13	0.5	65	5	0
5	0.38	0	5	5	0
5	0.25	0	9.5	5	0
5	0.25	0.5	18	5	1
5	0.13	0	18	5	0
5	0.13	0.75	5	5	0
5	0.38	0	65	5	1
5	0.25	0.25	5	5	0
5	0.38	0.75	65	5	1
5	0.25	0	65	5	0
5	0.13	0.75	34	5	0
5	0.13	0.25	34	5	0
5	0.38	0	65	5	1
5	0.25	0	5	5	0
5	0.13	0	34	5	0
5	0.25	0.5	18	5	0
5	0.25	0.25	18	5	0
5	0.38	0	9.5	5	1
5	0.13	0.25	18	5	1
5	0.25	0	34	5	1
5	0.38	0	5	5	0
5	0.38	0	65	5	1
5	0.38	0	18	5	1
5	0.13	0.25	5	5	0
5	0.25	0	65	5	1
5	0.25	0.75	9.5	5	0
5	0.13	0.75	34	5	0
5	0.38	0	5	5	0
5	0.38	0	65	5	1
5	0.13	0.75	65	5	0
5	0.25	0.25	18	5	1
5	0.13	0.5	34	5	0
5	0.38	0	34	5	1
5	0.13	0	34	5	1
5	0.25	0	5	5	0
5	0.13	0	34	5	0
5	0.25	0.5	5	5	0
5	0.13	0	34	5	0
5	0.13	0.25	18	5	0
5	0.13	0.5	18	5	0
5	0.13	0.5	5	5	0
5	0.38	0	18	5	1
5	0.38	0.25	65	5	1
5	0.13	0.25	34	5	0
5	0.38	0.75	9.5	5	0
5	0.13	0	9.5	5	0
5	0.25	0	65	5	1
5	0.13	0	18	5	0
5	0.25	0	9.5	5	0
5	0.25	0	9.5	5	1
5	0.13	0	65	5	1
5	0.38	0.5	18	5	0
5	0.25	0	9.5	5	0
5	0.25	0	65	5	1
5	0.38	0	18	5	1
5	0.25	0	34	5	1
5	0.38	0	34	5	1
5	0.13	0	9.5	5	0
5	0.38	0.75	9.5	5	0
5	0.25	0	9.5	5	1
5	0.13	0	9.5	5	1
5	0.13	0	65	5	0
5	0.38	0	65	5	1
5	0.38	0.5	5	5	1
5	0.13	0	34	5	0
5	0.38	0.5	65	5	1
5	0.13	0.75	18	5	0
5	0.25	0	9.5	5	1
5	0.13	0.5	34	5	0
5	0.38	0	5	5	1
5	0.38	0.25	18	5	0
5	0.38	0.75	9.5	5	0
5	0.25	0	18	5	1
5	0.25	0.25	5	5	1
5	0.38	0.5	65	5	1
6	0.25	0	34	5	1
6	0.25	0.25	5	5	0
6	0.13	0	34	5	1
6	0.38	0	65	5	1
6	0.25	0	34	5	1
6	0.25	0	34	5	1
6	0.38	0.25	34	5	1
6	0.13	0.25	65	5	0
6	0.13	0	34	5	1
6	0.38	0.5	5	5	0
6	0.38	0.75	34	5	0
6	0.38	0.25	18	5	1
6	0.13	0.5	9.5	5	0
6	0.13	0.25	5	5	1
6	0.25	0.5	34	5	0
6	0.13	0.25	65	5	1
6	0.25	0	9.5	5	0
6	0.25	0	5	5	0
6	0.25	0	9.5	5	0
6	0.38	0	5	5	1
6	0.38	0.75	18	5	1
6	0.38	0	65	5	1
6	0.38	0.25	9.5	5	0
6	0.25	0	9.5	5	0
6	0.13	0	34	5	1
6	0.25	0	65	5	1
6	0.13	0.5	65	5	0
6	0.25	0.75	5	5	0
6	0.13	0	34	5	1
6	0.38	0.75	34	5	1
6	0.25	0.75	18	5	0
6	0.38	0.5	34	5	1
6	0.13	0	34	5	1
6	0.38	0	34	5	1
6	0.38	0.75	18	5	1
6	0.38	0.25	9.5	5	1
6	0.13	0	9.5	5	0
6	0.25	0	18	5	1
6	0.13	0	34	5	1
6	0.25	0	18	5	1
6	0.13	0	34	5	1
6	0.13	0.5	34	5	0
6	0.25	0	34	5	1
6	0.38	0.75	5	5	0
6	0.13	0	65	5	1
6	0.13	0.25	65	5	1
6	0.13	0.75	65	5	0
6	0.13	0	65	5	1
6	0.38	0	65	5	1
6	0.38	0.25	5	5	0
6	0.25	0.5	34	5	0
6	0.38	0.75	34	5	1
6	0.38	0	18	5	1
6	0.38	0	5	5	0
6	0.25	0.5	9.5	5	0
6	0.38	0.5	5	5	0
6	0.25	0.25	9.5	5	0
6	0.38	0.5	65	5	1
6	0.38	0.5	5	5	0
6	0.25	0	5	5	0
6	0.38	0.5	9.5	5	0
6	0.25	0.25	5	5	0
6	0.38	0.25	5	5	0
6	0.25	0.75	9.5	5	0
6	0.13	0	5	5	0
6	0.13	0.75	9.5	5	0
6	0.25	0.75	34	5	0
6	0.25	0.5	65	5	1
6	0.25	0.75	5	5	0
6	0.13	0.5	5	5	0
6	0.13	0	9.5	5	0
6	0.38	0	9.5	5	1
6	0.25	0.25	34	5	1
6	0.25	0.25	9.5	5	0
6	0.13	0	34	5	1
6	0.13	0	5	5	0
6	0.38	0	65	5	1
6	0.25	0	65	5	1
6	0.25	0	18	5	0
6	0.13	0	65	5	1
6	0.13	0	65	5	1
6	0.25	0	5	5	0
6	0.38	0.75	9.5	5	0
6	0.38	0	9.5	5	1
6	0.25	0	18	5	1
6	0.25	0.25	18	5	0
6	0.25	0	18	5	1
6	0.13	0	34	5	1
6	0.13	0	65	5	1
6	0.25	0	9.5	5	0
6	0.13	0	34	5	1
6	0.38	0	65	5	1
6	0.13	0.25	9.5	5	0
6	0.38	0.75	18	5	0
6	0.25	0.75	18	5	0
6	0.25	0	5	5	0
6	0.25	0	18	5	1
6	0.13	0.25	18	5	0
6	0.38	0.25	9.5	5	1
6	0.13	0	65	5	1
6	0.25	0.5	9.5	5	0
6	0.38	0.75	18	5	1
6	0.25	0	18	5	1
6	0.25	0	18	5	1
6	0.25	0	9.5	5	1
6	0.13	0	5	5	0
6	0.38	0	65	5	1
6	0.25	0.75	9.5	5	0
6	0.25	0.75	5	5	1
6	0.38	0.75	18	5	0
6	0.38	0	5	5	0
6	0.13	0.75	65	5	0
6	0.13	0	9.5	5	0
6	0.38	0.75	5	5	0
6	0.13	0	18	5	0
6	0.13	0	5	5	0
6	0.13	0.5	5	5	0
6	0.25	0	18	5	1
6	0.38	0	65	5	1
6	0.38	0.5	5	5	0
6	0.25	0.75	65	5	0
6	0.38	0.5	5	5	1
6	0.13	0.25	65	5	1
6	0.13	0	34	5	0
6	0.13	0	65	5	1
6	0.13	0	5	5	0
6	0.13	0	9.5	5	0
6	0.13	0	65	5	1
6	0.38	0	34	5	1
6	0.13	0.75	9.5	5	0
6	0.38	0.25	18	5	1
6	0.25	0.25	18	5	0
6	0.25	0.5	18	5	0
6	0.38	0	34	5	1
6	0.13	0	18	5	0
6	0.25	0	5	5	0
6	0.13	0.5	18	5	0
6	0.25	0	34	5	1
6	0.25	0.25	5	5	0
6	0.25	0	9.5	5	0
6	0.13	0.25	18	5	0
6	0.13	0.5	9.5	5	0
6	0.25	0.5	34	5	0
6	0.13	0.25	5	5	0
6	0.25	0.25	18	5	0
6	0.25	0.5	65	5	1
6	0.38	0	18	5	1
6	0.25	0	18	5	1
6	0.13	0	5	5	0
6	0.38	0	9.5	5	1
6	0.25	0	65	5	1
6	0.38	0.75	34	5	1
6	0.13	0.25	18	5	0
6	0.38	0.5	9.5	5	1
6	0.25	0.5	5	5	1
6	0.13	0	9.5	5	0
6	0.13	0	18	5	0
6	0.38	0.75	18	5	1
6	0.38	0	65	5	1
6	0.38	0.25	9.5	5	1
6	0.13	0.5	65	5	0
6	0.13	0.5	18	5	0
6	0.38	0.25	5	5	0
6	0.38	0.75	34	5	1
6	0.25	0.5	18	5	0
6	0.38	0.75	34	5	0
6	0.38	0	34	5	1
6	0.13	0	65	5	1
6	0.38	0	9.5	5	1
6	0.38	0.5	18	5	0
6	0.38	0.75	65	5	1
6	0.25	0	9.5	5	1
6	0.13	0	34	5	1
6	0.25	0.25	5	5	0
6	0.38	0	34	5	1
6	0.38	0	65	5	1
6	0.38	0	9.5	5	0
6	0.13	0.5	65	5	0
6	0.25	0	9.5	5	1
6	0.13	0.75	65	5	0
7	0.13	0.75	65	5	0
7	0.13	0.75	5	5	0
7	0.13	0	5	5	0
7	0.38	0.75	65	5	0
7	0.38	0	65	5	1
7	0.25	0.75	65	5	1
7	0.25	0	9.5	5	0
7	0.13	0.5	18	5	0
7	0.13	0	9.5	5	1
7	0.38	0.75	9.5	5	0
7	0.25	0	9.5	5	0
7	0.38	0	18	5	0
7	0.25	0.25	65	5	0
7	0.38	0	9.5	5	0
7	0.25	0.5	34	5	0
7	0.13	0.5	18	5	0
7	0.38	0.5	18	5	0
7	0.13	0	18	5	0
7	0.38	0.75	65	5	0
7	0.38	0	18	5	0
7	0.13	0	9.5	5	0
7	0.38	0.5	5	5	0
7	0.38	0	5	5	0
7	0.38	0.25	34	5	0
7	0.38	0	65	5	1
7	0.13	0.75	18	5	0
7	0.38	0.5	9.5	5	0
7	0.25	0.5	18	5	0
7	0.38	0	9.5	5	1
7	0.25	0.25	5	5	1
7	0.25	0.25	34	5	1
7	0.38	0.5	65	5	1
7	0.38	0.25	34	5	0
7	0.38	0.25	34	5	1
7	0.25	0	34	5	0
7	0.38	0.75	65	5	0
7	0.13	0.5	65	5	0
7	0.38	0	9.5	5	0
7	0.38	0.75	65	5	0
7	0.38	0	5	5	1
7	0.13	0.25	9.5	5	0
7	0.25	0	9.5	5	0
7	0.25	0	5	5	0
7	0.38	0	65	5	1
7	0.38	0.75	34	5	0
7	0.13	0.5	34	5	0
7	0.13	0.5	18	5	0
7	0.25	0	34	5	1
7	0.13	0.5	5	5	1
7	0.38	0.25	34	5	0
7	0.38	0.5	5	5	0
7	0.13	0	9.5	5	0
7	0.38	0	5	5	0
7	0.13	0.5	9.5	5	0
7	0.13	0.25	5	5	0
7	0.25	0.75	34	5	0
7	0.13	0	5	5	1
7	0.38	0	65	5	1
7	0.25	0.5	65	5	0
7	0.13	0	34	5	1
7	0.25	0.75	9.5	5	0
7	0.13	0.75	34	5	0
7	0.13	0.25	65	5	0
7	0.25	0.25	18	5	0
7	0.38	0.5	5	5	1
7	0.25	0.25	65	5	0
7	0.25	0.75	18	5	0
7	0.25	0.75	18	5	0
7	0.25	0	18	5	0
7	0.25	0	5	5	0
7	0.38	0	9.5	5	0
7	0.13	0	9.5	5	0
7	0.13	0.25	18	5	0
7	0.13	0.5	34	5	0
7	0.13	0	9.5	5	0
7	0.13	0	9.5	5	1
7	0.38	0	9.5	5	0
7	0.25	0	34	5	1
7	0.13	0.75	65	5	0
7	0.38	0.75	34	5	0
7	0.25	0.25	18	5	0
7	0.25	0	5	5	0
7	0.25	0.75	5	5	0
7	0.13	0.75	34	5	0
7	0.13	0.5	18	5	0
7	0.13	0	18	5	0
7	0.25	0	65	5	1
7	0.25	0	65	5	0
7	0.13	0.5	18	5	0
7	0.25	0.75	65	5	0
7	0.25	0	9.5	5	1
7	0.25	0	65	5	1
7	0.25	0	34	5	0
7	0.13	0.75	18	5	0
7	0.13	0.75	9.5	5	0
7	0.13	0.5	18	5	0
7	0.13	0.75	18	5	0
7	0.38	0	65	5	1
7	0.25	0.25	34	5	0
7	0.25	0	5	5	1
7	0.25	0	65	5	0
7	0.25	0	5	5	0
7	0.38	0	18	5	1
7	0.13	0.25	9.5	5	0
7	0.13	0	5	5	0
7	0.25	0.5	65	5	0
7	0.25	0	34	5	0
7	0.13	0.5	9.5	5	0
7	0.25	0	65	5	1
7	0.25	0	9.5	5	0
7	0.25	0	18	5	1
7	0.38	0.5	18	5	0
7	0.38	0	18	5	1
7	0.13	0.75	18	5	0
7	0.25	0	5	5	0
7	0.38	0	9.5	5	1
7	0.38	0.75	34	5	1
7	0.38	0.75	5	5	1
7	0.13	0.5	9.5	5	0
7	0.38	0.25	9.5	5	0
7	0.25	0	5	5	1
7	0.25	0	5	5	0
7	0.38	0	34	5	0
7	0.25	0	18	5	0
7	0.25	0.25	34	5	0
7	0.25	0	65	5	1
7	0.25	0.5	18	5	1
7	0.13	0	9.5	5	0
7	0.13	0.75	34	5	0
7	0.25	0.25	18	5	0
7	0.13	0	65	5	0
7	0.38	0	5	5	1
7	0.25	0	34	5	0
7	0.25	0	9.5	5	1
7	0.38	0.25	9.5	5	0
7	0.38	0	18	5	1
7	0.13	0.25	34	5	0
7	0.38	0	5	5	0
7	0.13	0	34	5	0
7	0.38	0	34	5	1
7	0.38	0	18	5	1
7	0.13	0.25	18	5	0
7	0.13	0.75	65	5	0
7	0.38	0.25	5	5	0
7	0.25	0	34	5	1
7	0.38	0	5	5	0
7	0.13	0	9.5	5	0
7	0.38	0	18	5	1
7	0.25	0	5	5	1
7	0.13	0.5	9.5	5	0
7	0.25	0	34	5	1
7	0.38	0	65	5	1
7	0.38	0.25	9.5	5	0
7	0.13	0	5	5	0
7	0.38	0	18	5	0
7	0.25	0.25	9.5	5	0
7	0.13	0	65	5	1
7	0.13	0.25	9.5	5	0
7	0.38	0	65	5	1
7	0.13	0.25	5	5	0
7	0.38	0.75	18	5	1
7	0.13	0.75	5	5	0
7	0.13	0.5	65	5	0
7	0.13	0	34	5	0
7	0.13	0	5	5	0
7	0.13	0.25	5	5	0
7	0.13	0	5	5	0
7	0.38	0	18	5	0
7	0.38	0	34	5	1
7	0.25	0	34	5	1
7	0.25	0	65	5	1
7	0.13	0.25	5	5	0
7	0.25	0.5	65	5	1
7	0.38	0.5	5	5	0
7	0.25	0	34	5	0
7	0.25	0	65	5	1
7	0.38	0.25	65	5	1
7	0.38	0	9.5	5	0
7	0.38	0	34	5	1
7	0.25	0.5	34	5	1
8	0.25	0.5	34	5	0
8	0.25	0	9.5	5	1
8	0.25	0	65	5	1
8	0.13	0	5	5	0
8	0.38	0	34	5	1
8	0.38	0.25	65	5	1
8	0.25	0.5	9.5	5	0
8	0.38	0.75	5	5	0
8	0.13	0	9.5	5	0
8	0.13	0	18	5	0
8	0.13	0	18	5	0
8	0.13	0.75	34	5	0
8	0.25	0	65	5	1
8	0.13	0.75	34	5	0
8	0.38	0.5	18	5	0
8	0.38	0	18	5	1
8	0.38	0	5	5	0
8	0.38	0	65	5	1
8	0.13	0.75	5	5	0
8	0.38	0.75	18	5	0
8	0.38	0	65	5	1
8	0.38	0.5	9.5	5	1
8	0.25	0.25	9.5	5	0
8	0.38	0.75	65	5	0
8	0.13	0	9.5	5	0
8	0.38	0	34	5	1
8	0.25	0.25	34	5	0
8	0.13	0	5	5	0
8	0.25	0.25	18	5	0
8	0.25	0.5	5	5	0
8	0.13	0.5	34	5	0
8	0.38	0	18	5	1
8	0.38	0	34	5	1
8	0.38	0	34	5	1
8	0.25	0	65	5	1
8	0.25	0	9.5	5	1
8	0.38	0	65	5	1
8	0.38	0	5	5	1
8	0.13	0.75	18	5	0
8	0.25	0	9.5	5	0
8	0.38	0	9.5	5	1
8	0.13	0	65	5	1
8	0.38	0	5	5	1
8	0.38	0	34	5	1
8	0.13	0	18	5	0
8	0.25	0.25	18	5	0
8	0.13	0	5	5	0
8	0.13	0	34	5	1
8	0.13	0	34	5	1
8	0.13	0	9.5	5	0
8	0.13	0.75	5	5	0
8	0.38	0.5	18	5	1
8	0.25	0	9.5	5	1
8	0.13	0.5	5	5	0
8	0.13	0.25	9.5	5	0
8	0.25	0	34	5	1
8	0.25	0	9.5	5	0
8	0.25	0	65	5	1
8	0.38	0.25	34	5	1
8	0.25	0	9.5	5	0
8	0.13	0	9.5	5	0
8	0.13	0	5	5	0
8	0.25	0.5	9.5	5	0
8	0.25	0.25	5	5	0
8	0.38	0.25	9.5	5	1
8	0.38	0.5	34	5	1
8	0.13	0.75	5	5	0
8	0.25	0.5	9.5	5	0
8	0.25	0.5	18	5	0
8	0.13	0	18	5	1
8	0.38	0	18	5	1
8	0.25	0	65	5	1
8	0.38	0.25	65	5	1
8	0.25	0.75	65	5	0
8	0.25	0	9.5	5	0
8	0.38	0	5	5	0
8	0.25	0.5	65	5	0
8	0.38	0	65	5	1
8	0.25	0.25	34	5	1
8	0.25	0	34	5	1
8	0.13	0.5	5	5	0
8	0.38	0	34	5	1
8	0.25	0	34	5	1
8	0.13	0	65	5	1
8	0.25	0.75	9.5	5	0
8	0.25	0	9.5	5	1
8	0.25	0.75	34	5	0
8	0.25	0.5	5	5	0
8	0.25	0	5	5	1
8	0.25	0.5	34	5	0
8	0.25	0	5	5	0
8	0.25	0.75	65	5	0
8	0.25	0	9.5	5	0
8	0.13	0	9.5	5	1
8	0.13	0.25	65	5	1
8	0.25	0.5	18	5	0
8	0.25	0.5	65	5	1
8	0.13	0.75	65	5	0
8	0.38	0.25	65	5	1
8	0.38	0	9.5	5	1
8	0.25	0	18	5	1
8	0.25	0.25	34	5	0
8	0.25	0	65	5	1
8	0.13	0	5	5	1
8	0.38	0.5	5	5	0
8	0.38	0	5	5	0
8	0.13	0.5	34	5	0
8	0.38	0	5	5	0
8	0.38	0.5	34	5	1
8	0.13	0.75	18	5	0
8	0.38	0	34	5	1
8	0.13	0	5	5	0
8	0.13	0	18	5	0
8	0.38	0.25	34	5	1
8	0.13	0	9.5	5	0
8	0.25	0.5	18	5	0
8	0.13	0.75	65	5	0
8	0.38	0.5	9.5	5	0
8	0.38	0.25	65	5	1
8	0.38	0.5	65	5	1
8	0.38	0.25	9.5	5	0
8	0.13	0	5	5	0
8	0.13	0.75	34	5	0
8	0.25	0.25	65	5	1
8	0.25	0.25	18	5	0
8	0.38	0	9.5	5	1
8	0.13	0	18	5	1
8	0.25	0.75	18	5	0
8	0.38	0.75	5	5	0
8	0.38	0.5	34	5	1
8	0.13	0	5	5	0
8	0.13	0	18	5	1
8	0.13	0	65	5	1
8	0.25	0	5	5	0
8	0.13	0.25	18	5	0
8	0.38	0.25	18	5	1
8	0.13	0.25	65	5	0
8	0.13	0.75	5	5	0
8	0.25	0.5	5	5	1
8	0.38	0.75	9.5	5	0
8	0.13	0.5	18	5	0
8	0.38	0	34	5	1
8	0.38	0	5	5	0
8	0.38	0	5	5	0
8	0.25	0	34	5	1
8	0.13	0.25	34	5	0
8	0.13	0.75	18	5	0
8	0.13	0	65	5	1
8	0.25	0	34	5	1
8	0.13	0.75	34	5	0
8	0.38	0.25	18	5	1
8	0.13	0.75	5	5	0
8	0.25	0.5	18	5	0
8	0.38	0	65	5	1
8	0.13	0	34	5	0
8	0.25	0	9.5	5	0
8	0.25	0	34	5	1
8	0.25	0	5	5	0
8	0.38	0.25	65	5	1
8	0.13	0.75	18	5	0
8	0.25	0.25	65	5	1
8	0.13	0.25	18	5	0
8	0.25	0	9.5	5	0
8	0.38	0.5	9.5	5	0
8	0.38	0	5	5	0
8	0.13	0.75	18	5	0
8	0.13	0.75	18	5	0
8	0.38	0	65	5	1
8	0.13	0.25	34	5	0
8	0.38	0.75	9.5	5	0
8	0.25	0	18	5	1
8	0.25	0.25	65	5	1
8	0.13	0	18	5	0
8	0.38	0.25	65	5	1
8	0.38	0	9.5	5	0
8	0.13	0	65	5	1
8	0.13	0.5	9.5	5	0
8	0.38	0	5	5	0
8	0.25	0.75	9.5	5	0
8	0.38	0.75	18	5	0
9	0.38	0	34	5	1
9	0.13	0.25	9.5	5	0
9	0.38	0	5	5	0
9	0.25	0.75	5	5	0
9	0.38	0	18	5	1
9	0.38	0.75	34	5	0
9	0.13	0	34	5	0
9	0.13	0	65	5	1
9	0.38	0.25	9.5	5	0
9	0.25	0	65	5	1
9	0.25	0	18	5	1
9	0.38	0	34	5	1
9	0.13	0	34	5	0
9	0.13	0.5	5	5	0
9	0.25	0	5	5	0
9	0.38	0.5	5	5	0
9	0.25	0.25	18	5	1
9	0.38	0.25	5	5	0
9	0.38	0.75	5	5	0
9	0.25	0.75	5	5	0
9	0.13	0	65	5	1
9	0.25	0	34	5	0
9	0.13	0	18	5	1
9	0.25	0.75	18	5	0
9	0.13	0.75	5	5	0
9	0.25	0.25	34	5	1
9	0.38	0.5	9.5	5	0
9	0.25	0.25	5	5	0
9	0.13	0	18	5	0
9	0.38	0.25	34	5	1
9	0.13	0.75	34	5	0
9	0.13	0	5	5	0
9	0.38	0	18	5	0
9	0.38	0	5	5	0
9	0.25	0.25	9.5	5	0
9	0.38	0.5	18	5	1
9	0.38	0	34	5	1
9	0.25	0.75	5	5	0
9	0.13	0.75	18	5	0
9	0.25	0.25	34	5	1
9	0.38	0	9.5	5	1
9	0.25	0.75	9.5	5	0
9	0.38	0.5	65	5	1
9	0.38	0	5	5	0
9	0.25	0.25	18	5	0
9	0.38	0	9.5	5	1
9	0.13	0	9.5	5	0
9	0.25	0.25	5	5	0
9	0.38	0.5	65	5	0
9	0.13	0	18	5	0
9	0.25	0.25	18	5	0
9	0.38	0	18	5	1
9	0.25	0.75	65	5	0
9	0.13	0	9.5	5	0
9	0.13	0	65	5	1
9	0.38	0	65	5	1
9	0.25	0	65	5	1
9	0.38	0	65	5	1
9	0.25	0	18	5	1
9	0.38	0.75	9.5	5	0
9	0.25	0.25	34	5	0
9	0.38	0	65	5	1
9	0.13	0.5	5	5	0
9	0.25	0	18	5	0
9	0.38	0	5	5	0
9	0.13	0.25	18	5	0
9	0.25	0	9.5	5	1
9	0.13	0	18	5	0
9	0.13	0	18	5	0
9	0.25	0.75	34	5	0
9	0.38	0.75	9.5	5	0
9	0.25	0	18	5	1
9	0.38	0	65	5	1
9	0.25	0	65	5	1
9	0.13	0	18	5	0
9	0.25	0	18	5	0
9	0.25	0.25	65	5	0
9	0.13	0	9.5	5	0
9	0.13	0	18	5	0
9	0.13	0.75	5	5	0
9	0.25	0.5	9.5	5	0
9	0.13	0.25	5	5	0
9	0.38	0	65	5	1
9	0.38	0	34	5	1
9	0.13	0	18	5	0
9	0.38	0.5	5	5	0
9	0.13	0.25	9.5	5	0
9	0.25	0.75	5	5	0
9	0.13	0.25	65	5	0
9	0.38	0	9.5	5	0
9	0.38	0.5	65	5	1
9	0.13	0	5	5	0
9	0.25	0	5	5	0
9	0.13	0	65	5	1
9	0.13	0	34	5	0
9	0.13	0	5	5	0
9	0.38	0.5	18	5	0
9	0.25	0.5	9.5	5	0
9	0.13	0.25	9.5	5	0
9	0.13	0.5	9.5	5	0
9	0.38	0	5	5	1
9	0.25	0.5	9.5	5	1
9	0.38	0.5	65	5	0
9	0.38	0	18	5	1
9	0.13	0.75	5	5	0
9	0.25	0.5	65	5	0
9	0.38	0.5	18	5	0
9	0.13	0.5	65	5	0
9	0.25	0.25	5	5	0
9	0.13	0.5	34	5	0
9	0.38	0	65	5	1
9	0.13	0	34	5	1
9	0.38	0	34	5	1
9	0.25	0	34	5	1
9	0.38	0	18	5	1
9	0.25	0	34	5	0
9	0.25	0	18	5	0
9	0.13	0.25	65	5	1
9	0.13	0	65	5	1
9	0.38	0	34	5	1
9	0.25	0	65	5	1
9	0.38	0.75	34	5	0
9	0.25	0.75	9.5	5	0
9	0.38	0.25	9.5	5	0
9	0.38	0.5	34	5	1
9	0.13	0.5	18	5	0
9	0.25	0	65	5	1
9	0.25	0.75	34	5	0
9	0.38	0.25	9.5	5	0
9	0.13	0	65	5	0
9	0.25	0.25	5	5	0
9	0.25	0	65	5	1
9	0.13	0.75	9.5	5	0
9	0.13	0	18	5	0
9	0.38	0.5	9.5	5	0
9	0.13	0.75	34	5	0
9	0.25	0	34	5	1
9	0.25	0	9.5	5	1
9	0.38	0	5	5	0
9	0.38	0	18	5	1
9	0.25	0	5	5	0
9	0.38	0.5	65	5	1
9	0.38	0.5	18	5	0
9	0.38	0.25	34	5	0
9	0.13	0	65	5	0
9	0.13	0.75	9.5	5	0
9	0.25	0.25	34	5	0
9	0.38	0	5	5	0
9	0.13	0	5	5	1
9	0.13	0	65	5	0
9	0.25	0.25	9.5	5	0
9	0.25	0.75	34	5	0
9	0.38	0.5	34	5	0
9	0.13	0.25	34	5	0
9	0.38	0.25	5	5	0
9	0.13	0.75	65	5	0
9	0.38	0	65	5	1
9	0.38	0	65	5	1
9	0.13	0.5	9.5	5	0
9	0.25	0	34	5	0
9	0.38	0	65	5	1
9	0.13	0.75	9.5	5	0
9	0.13	0	5	5	0
9	0.25	0.75	5	5	0
9	0.25	0	9.5	5	1
9	0.13	0	34	5	0
9	0.13	0	18	5	1
9	0.25	0.5	9.5	5	0
9	0.38	0	9.5	5	0
9	0.13	0	9.5	5	0
9	0.25	0.5	9.5	5	0
9	0.25	0	18	5	0
9	0.25	0.75	34	5	0
9	0.25	0.75	34	5	0
9	0.13	0	34	5	0
9	0.25	0.25	9.5	5	0
9	0.38	0.75	18	5	0
9	0.25	0	5	5	1
9	0.13	0.5	65	5	0
9	0.13	0.5	18	5	0
10	0.38	0.5	65	5	1
10	0.25	0	34	5	1
10	0.38	0.5	34	5	1
10	0.25	0	9.5	5	0
10	0.38	0	18	5	1
10	0.38	0.75	9.5	5	0
10	0.25	0.5	34	5	0
10	0.38	0.75	5	5	0
10	0.38	0.5	9.5	5	0
10	0.25	0	9.5	5	0
10	0.13	0	5	5	0
10	0.13	0	5	5	0
10	0.38	0	5	5	0
10	0.25	0.5	9.5	5	0
10	0.38	0	9.5	5	1
10	0.25	0.25	9.5	5	0
10	0.13	0.75	5	5	0
10	0.13	0	34	5	0
10	0.38	0.75	65	5	1
10	0.13	0.5	65	5	0
10	0.25	0.5	65	5	0
10	0.13	0.75	9.5	5	0
10	0.38	0	34	5	1
10	0.13	0	34	5	0
10	0.13	0	5	5	1
10	0.38	0.75	65	5	0
10	0.25	0.75	5	5	0
10	0.25	0.5	34	5	0
10	0.38	0	5	5	0
10	0.38	0	18	5	0
10	0.25	0.75	5	5	0
10	0.38	0	5	5	1
10	0.13	0	9.5	5	0
10	0.38	0	34	5	1
10	0.13	0	65	5	0
10	0.13	0.25	18	5	0
10	0.13	0	34	5	0
10	0.13	0.5	18	5	0
10	0.25	0.75	34	5	0
10	0.13	0	9.5	5	1
10	0.13	0	34	5	0
10	0.38	0.25	9.5	5	0
10	0.25	0.75	5	5	0
10	0.25	0	5	5	0
10	0.25	0	5	5	0
10	0.25	0	9.5	5	0
10	0.25	0	18	5	1
10	0.13	0.75	9.5	5	0
10	0.38	0	65	5	1
10	0.38	0.75	18	5	0
10	0.38	0.25	18	5	0
10	0.25	0	9.5	5	0
10	0.25	0	65	5	1
10	0.38	0	9.5	5	0
10	0.25	0.25	18	5	1
10	0.38	0	18	5	0
10	0.25	0.5	34	5	0
10	0.25	0.25	65	5	0
10	0.38	0.25	9.5	5	0
10	0.38	0	18	5	1
10	0.13	0.25	65	5	0
10	0.25	0.25	18	5	0
10	0.38	0.25	18	5	0
10	0.13	0.25	65	5	0
10	0.13	0	5	5	0
10	0.25	0	65	5	1
10	0.13	0	34	5	0
10	0.25	0.25	18	5	0
10	0.13	0	5	5	0
10	0.38	0	18	5	1
10	0.38	0	9.5	5	1
10	0.13	0	18	5	0
10	0.38	0.5	18	5	1
10	0.25	0.75	18	5	0
10	0.25	0.5	34	5	0
10	0.13	0	18	5	1
10	0.13	0	9.5	5	0
10	0.38	0.75	65	5	0
10	0.38	0.25	34	5	1
10	0.38	0.75	5	5	0
10	0.25	0.5	9.5	5	0
10	0.38	0	34	5	1
10	0.13	0	34	5	0
10	0.13	0	18	5	0
10	0.38	0	18	5	1
10	0.25	0.5	9.5	5	0
10	0.13	0	65	5	1
10	0.13	0.75	65	5	0
10	0.13	0	9.5	5	0
10	0.25	0.25	34	5	0
10	0.25	0.5	34	5	1
10	0.38	0.5	9.5	5	0
10	0.13	0.5	5	5	0
10	0.13	0.5	34	5	0
10	0.25	0	5	5	0
10	0.25	0.25	65	5	1
10	0.38	0.75	9.5	5	0
10	0.13	0	18	5	0
10	0.13	0	9.5	5	0
10	0.13	0.25	65	5	0
10	0.38	0.25	9.5	5	0
10	0.13	0	65	5	1
10	0.38	0	9.5	5	1
10	0.25	0.5	34	5	0
10	0.38	0	34	5	1
10	0.25	0	18	5	1
10	0.13	0.75	9.5	5	0
10	0.13	0	18	5	1
10	0.25	0.75	18	5	0
10	0.25	0	34	5	1
10	0.13	0	9.5	5	0
10	0.13	0	5	5	0
10	0.38	0	5	5	0
10	0.13	0	18	5	0
10	0.13	0.25	18	5	0
10	0.13	0	18	5	1
10	0.25	0	5	5	0
10	0.13	0.75	65	5	0
10	0.38	0.5	65	5	1
10	0.13	0.25	65	5	0
10	0.25	0	9.5	5	0
10	0.25	0.5	9.5	5	0
10	0.38	0	65	5	1
10	0.38	0	34	5	1
10	0.38	0.75	18	5	0
10	0.13	0	9.5	5	0
10	0.38	0	9.5	5	0
10	0.13	0.25	9.5	5	0
10	0.25	0.75	5	5	0
10	0.25	0.75	18	5	0
10	0.25	0.25	9.5	5	0
10	0.25	0.75	5	5	0
10	0.38	0	9.5	5	0
10	0.38	0.25	5	5	0
10	0.25	0	65	5	0
10	0.13	0	65	5	1
10	0.25	0	65	5	1
10	0.13	0	65	5	1
10	0.38	0	65	5	1
10	0.25	0.25	34	5	0
10	0.13	0	18	5	0
10	0.38	0	65	5	1
10	0.38	0.25	18	5	1
10	0.25	0	5	5	0
10	0.38	0.25	34	5	1
10	0.38	0	65	5	1
10	0.13	0.75	5	5	0
10	0.38	0.25	65	5	1
10	0.13	0.75	34	5	0
10	0.13	0	9.5	5	0
10	0.13	0	65	5	1
10	0.25	0	65	5	1
10	0.38	0.5	5	5	0
10	0.25	0.25	18	5	0
10	0.25	0.25	34	5	0
10	0.25	0	34	5	0
10	0.13	0	5	5	0
10	0.25	0.25	34	5	0
10	0.25	0.25	65	5	1
10	0.25	0	5	5	0
10	0.25	0.5	18	5	1
10	0.13	0.75	5	5	0
10	0.38	0	65	5	1
10	0.25	0.75	34	5	0
10	0.25	0	65	5	1
10	0.13	0.75	65	5	0
10	0.25	0.5	18	5	0
10	0.38	0	34	5	1
10	0.38	0.75	5	5	0
10	0.13	0	34	5	0
10	0.38	0.5	34	5	1
10	0.25	0.5	34	5	0
10	0.13	0.5	5	5	0
10	0.13	0.5	5	5	0
10	0.38	0	18	5	1
10	0.38	0	5	5	1
10	0.25	0	18	5	0
10	0.13	0.5	5	5	0
10	0.38	0.5	34	5	1
10	0.38	0	5	5	1
11	0.13	0	9.5	5	0
11	0.13	0	9.5	5	0
11	0.38	0	65	5	1
11	0.38	0.25	18	5	1
11	0.38	0.5	9.5	5	0
11	0.38	0.5	18	5	0
11	0.25	0.25	5	5	0
11	0.38	0.5	5	5	0
11	0.25	0.75	5	5	0
11	0.25	0	34	5	1
11	0.25	0.75	65	5	0
11	0.13	0.75	65	5	0
11	0.38	0	9.5	5	1
11	0.38	0.75	9.5	5	0
11	0.38	0	9.5	5	1
11	0.25	0.75	18	5	0
11	0.13	0.25	5	5	0
11	0.25	0.75	5	5	0
11	0.13	0	9.5	5	1
11	0.38	0	5	5	0
11	0.13	0.75	18	5	0
11	0.25	0.75	65	5	0
11	0.38	0	5	5	0
11	0.13	0.5	34	5	0
11	0.25	0.25	65	5	1
11	0.25	0.25	18	5	0
11	0.38	0	65	5	1
11	0.38	0	5	5	0
11	0.38	0.75	5	5	0
11	0.13	0.75	34	5	0
11	0.13	0	9.5	5	0
11	0.38	0	34	5	1
11	0.25	0	65	5	1
11	0.25	0.5	9.5	5	1
11	0.13	0	65	5	1
11	0.13	0	5	5	1
11	0.25	0.5	65	5	0
11	0.38	0	9.5	5	0
11	0.38	0.25	9.5	5	1
11	0.38	0.25	18	5	0
11	0.25	0.5	34	5	0
11	0.25	0	18	5	0
11	0.13	0	18	5	0
11	0.25	0.5	65	5	0
11	0.25	0	34	5	1
11	0.25	0.5	9.5	5	0
11	0.13	0.5	5	5	1
11	0.38	0.25	5	5	1
11	0.13	0	5	5	0
11	0.25	0	34	5	1
11	0.13	0.5	65	5	0
11	0.13	0.25	5	5	0
11	0.13	0	65	5	1
11	0.38	0.25	34	5	0
11	0.25	0.5	18	5	0
11	0.25	0	65	5	1
11	0.25	0.75	9.5	5	0
11	0.38	0	5	5	0
11	0.13	0	34	5	0
11	0.38	0.5	34	5	1
11	0.25	0	65	5	1
11	0.38	0.5	9.5	5	0
11	0.25	0.75	9.5	5	0
11	0.25	0.5	9.5	5	0
11	0.13	0	5	5	0
11	0.13	0	34	5	0
11	0.13	0.75	9.5	5	0
11	0.13	0.75	5	5	0
11	0.25	0.25	9.5	5	0
11	0.13	0.75	9.5	5	0
11	0.13	0	34	5	1
11	0.38	0.25	9.5	5	0
11	0.38	0.5	65	5	1
11	0.13	0	34	5	1
11	0.25	0.75	18	5	0
11	0.13	0	65	5	0
11	0.25	0.75	18	5	0
11	0.13	0	5	5	0
11	0.38	0	9.5	5	1
11	0.13	0.75	18	5	0
11	0.38	0	34	5	0
11	0.38	0	5	5	1
11	0.13	0	34	5	0
11	0.38	0.25	65	5	1
11	0.38	0.75	9.5	5	1
11	0.25	0	18	5	1
11	0.38	0	65	5	1
11	0.13	0	18	5	0
11	0.13	0.25	9.5	5	0
11	0.38	0.5	9.5	5	0
11	0.38	0.75	18	5	0
11	0.25	0	34	5	1
11	0.38	0.25	5	5	0
11	0.25	0	5	5	0
11	0.25	0	34	5	1
11	0.13	0	18	5	0
11	0.13	0	18	5	0
11	0.38	0.25	18	5	1
11	0.25	0	5	5	0
11	0.13	0	9.5	5	0
11	0.13	0	34	5	1
11	0.13	0	5	5	0
11	0.13	0	5	5	0
11	0.25	0	9.5	5	1
11	0.13	0	34	5	0
11	0.25	0.25	5	5	0
11	0.13	0	65	5	0
11	0.38	0.5	5	5	0
11	0.25	0	65	5	1
11	0.13	0	18	5	0
11	0.13	0	5	5	0
11	0.38	0.5	9.5	5	1
11	0.13	0.25	18	5	0
11	0.38	0.5	9.5	5	0
11	0.38	0.25	65	5	1
11	0.38	0	65	5	1
11	0.25	0	18	5	1
11	0.38	0.5	65	5	1
11	0.13	0	18	5	0
11	0.13	0	65	5	1
11	0.38	0	5	5	0
11	0.13	0	5	5	0
11	0.13	0.75	65	5	0
11	0.38	0.25	18	5	0
11	0.13	0	18	5	1
11	0.25	0	65	5	1
11	0.38	0	65	5	1
11	0.38	0	5	5	0
11	0.13	0.5	9.5	5	0
11	0.25	0.75	34	5	0
11	0.38	0	5	5	1
11	0.38	0.25	34	5	1
11	0.38	0	65	5	1
11	0.38	0	34	5	1
11	0.13	0	65	5	1
11	0.25	0.5	18	5	0
11	0.25	0.25	34	5	1
11	0.13	0.5	34	5	0
11	0.25	0	9.5	5	0
11	0.13	0.5	65	5	0
11	0.13	0.75	18	5	0
11	0.38	0	34	5	1
11	0.38	0	34	5	1
11	0.13	0	34	5	1
11	0.25	0.75	18	5	0
11	0.38	0.75	18	5	0
11	0.25	0.75	5	5	0
11	0.38	0.25	34	5	0
11	0.25	0.25	18	5	0
11	0.13	0	65	5	1
11	0.25	0.75	18	5	0
11	0.25	0.25	18	5	0
11	0.38	0.25	65	5	1
11	0.25	0.5	9.5	5	0
11	0.38	0.75	9.5	5	0
11	0.25	0.25	34	5	0
11	0.38	0	9.5	5	0
11	0.13	0	18	5	1
11	0.25	0	34	5	1
11	0.25	0	65	5	1
11	0.13	0	34	5	1
11	0.38	0	18	5	1
11	0.13	0	9.5	5	0
11	0.38	0	34	5	1
11	0.25	0	65	5	1
11	0.25	0	5	5	1
11	0.38	0	5	5	1
11	0.25	0.75	9.5	5	0
11	0.13	0.25	5	5	0
11	0.38	0.5	65	5	1
11	0.25	0	34	5	1
11	0.13	0.25	34	5	0
11	0.13	0.75	34	5	0
11	0.25	0	18	5	0
11	0.38	0	5	5	1
11	0.25	0.5	34	5	1
11	0.25	0.5	18	5	0
11	0.25	0.5	18	5	1
11	0.25	0	9.5	5	0
11	0.25	0.25	65	5	1
12	0.25	0	34	5	0
12	0.25	0.25	5	5	0
12	0.13	0	5	5	0
12	0.25	0	5	5	1
12	0.13	0	5	5	1
12	0.13	0	9.5	5	1
12	0.13	0.75	9.5	5	0
12	0.38	0	5	5	1
12	0.25	0	18	5	0
12	0.13	0.75	18	5	0
12	0.13	0	65	5	1
12	0.38	0	9.5	5	1
12	0.38	0	65	5	1
12	0.38	0.25	34	5	1
12	0.13	0.5	65	5	0
12	0.13	0	5	5	0
12	0.13	0.75	5	5	0
12	0.13	0.75	5	5	1
12	0.38	0.25	34	5	1
12	0.38	0.75	65	5	0
12	0.13	0.75	9.5	5	0
12	0.13	0.75	18	5	0
12	0.25	0	34	5	1
12	0.38	0	34	5	1
12	0.13	0.25	9.5	5	0
12	0.25	0	5	5	1
12	0.13	0.25	18	5	0
12	0.25	0.5	9.5	5	0
12	0.38	0	18	5	1
12	0.25	0.25	65	5	1
12	0.25	0	65	5	1
12	0.25	0.5	18	5	1
12	0.38	0	65	5	1
12	0.25	0	65	5	1
12	0.13	0	5	5	0
12	0.38	0.75	34	5	1
12	0.38	0	5	5	0
12	0.38	0.75	18	5	1
12	0.38	0.5	9.5	5	0
12	0.25	0	18	5	1
12	0.13	0.5	65	5	0
12	0.38	0.75	65	5	0
12	0.25	0.5	34	5	0
12	0.38	0.25	65	5	1
12	0.38	0.5	65	5	1
12	0.38	0.75	5	5	1
12	0.38	0	34	5	1
12	0.13	0.25	65	5	0
12	0.25	0	34	5	1
12	0.13	0.5	5	5	0
12	0.25	0	18	5	1
12	0.38	0	9.5	5	0
12	0.25	0.25	34	5	0
12	0.38	0	65	5	1
12	0.13	0	18	5	0
12	0.13	0.75	5	5	0
12	0.13	0	65	5	1
12	0.25	0.25	34	5	1
12	0.38	0.5	18	5	1
12	0.13	0.75	34	5	0
12	0.25	0	5	5	1
12	0.25	0	18	5	0
12	0.25	0	5	5	0
12	0.25	0.75	18	5	0
12	0.38	0	5	5	0
12	0.38	0	65	5	1
12	0.25	0.75	5	5	0
12	0.13	0	34	5	0
12	0.38	0.5	34	5	1
12	0.25	0	18	5	0
12	0.13	0	18	5	0
12	0.25	0.75	9.5	5	0
12	0.25	0	5	5	0
12	0.38	0.75	9.5	5	0
12	0.25	0	9.5	5	1
12	0.38	0	9.5	5	1
12	0.13	0	34	5	1
12	0.38	0	9.5	5	1
12	0.13	0.5	65	5	0
12	0.13	0.5	9.5	5	0
12	0.25	0	34	5	1
12	0.25	0	9.5	5	0
12	0.25	0	5	5	0
12	0.38	0	34	5	1
12	0.38	0.75	18	5	0
12	0.38	0.5	34	5	0
12	0.38	0.25	65	5	1
12	0.38	0	34	5	1
12	0.25	0	9.5	5	0
12	0.13	0.75	9.5	5	0
12	0.38	0.5	34	5	0
12	0.38	0	34	5	1
12	0.25	0.25	34	5	0
12	0.25	0	18	5	0
12	0.25	0.25	9.5	5	0
12	0.13	0.25	65	5	0
12	0.25	0	65	5	1
12	0.13	0	9.5	5	0
12	0.13	0.5	34	5	0
12	0.13	0	65	5	0
12	0.25	0	9.5	5	1
12	0.25	0	34	5	1
12	0.13	0.75	5	5	0
12	0.38	0	65	5	1
12	0.25	0.75	18	5	0
12	0.25	0	9.5	5	0
12	0.13	0.75	18	5	0
12	0.38	0	65	5	1
12	0.25	0.25	18	5	0
12	0.38	0	18	5	0
12	0.25	0	9.5	5	0
12	0.13	0.5	5	5	0
12	0.38	0	9.5	5	1
12	0.38	0.75	65	5	0
12	0.38	0	65	5	1
12	0.38	0.25	65	5	1
12	0.38	0.5	65	5	0
12	0.13	0.5	18	5	0
12	0.25	0	9.5	5	0
12	0.13	0	9.5	5	0
12	0.38	0	34	5	1
12	0.38	0.5	9.5	5	0
12	0.38	0.75	5	5	0
12	0.13	0.75	5	5	0
12	0.13	0	65	5	0
12	0.25	0.5	18	5	0
12	0.25	0.75	18	5	1
12	0.25	0	34	5	0
12	0.13	0	9.5	5	0
12	0.38	0	34	5	1
12	0.13	0	9.5	5	1
12	0.38	0	65	5	1
12	0.38	0.25	9.5	5	1
12	0.13	0.25	9.5	5	0
12	0.25	0	5	5	0
12	0.25	0.25	5	5	0
12	0.38	0.25	18	5	1
12	0.25	0.5	18	5	0
12	0.38	0.25	18	5	1
12	0.38	0	18	5	0
12	0.13	0.5	34	5	0
12	0.25	0	18	5	1
12	0.38	0	18	5	1
12	0.13	0.5	18	5	0
12	0.25	0	5	5	0
12	0.25	0.5	5	5	0
12	0.13	0.25	65	5	0
12	0.25	0.75	9.5	5	0
12	0.13	0.25	18	5	0
12	0.25	0.25	9.5	5	0
12	0.25	0.25	34	5	0
12	0.38	0	18	5	0
12	0.25	0.25	5	5	0
12	0.25	0.5	34	5	0
12	0.38	0	5	5	0
12	0.13	0	34	5	1
12	0.13	0.25	34	5	0
12	0.25	0.75	65	5	0
12	0.25	0.5	34	5	1
12	0.13	0.25	65	5	0
12	0.13	0.5	34	5	0
12	0.13	0	5	5	1
12	0.25	0.25	65	5	0
12	0.13	0	5	5	0
12	0.38	0	5	5	0
12	0.13	0.5	5	5	0
12	0.38	0	18	5	1
12	0.13	0.25	5	5	0
12	0.13	0	9.5	5	0
12	0.13	0.5	65	5	0
12	0.38	0	34	5	1
12	0.25	0.75	5	5	0
12	0.13	0.5	18	5	1
12	0.25	0	18	5	1
12	0.38	0	34	5	1
12	0.13	0	9.5	5	0
12	0.38	0	65	5	1
12	0.13	0.75	9.5	5	0
12	0.13	0	9.5	5	0
12	0.38	0	65	5	0
13	0.25	0.5	9.5	5	1
13	0.38	0	5	5	1
13	0.38	0.25	65	5	1
13	0.38	0	65	5	1
13	0.38	0.25	18	5	1
13	0.38	0	9.5	5	1
13	0.13	0	9.5	5	0
13	0.25	0	9.5	5	1
13	0.38	0.5	9.5	5	0
13	0.38	0	65	5	1
13	0.38	0.5	34	5	1
13	0.13	0.25	34	5	0
13	0.13	0.25	5	5	0
13	0.38	0.5	5	5	0
13	0.13	0	34	5	0
13	0.13	0	34	5	0
13	0.13	0	34	5	0
13	0.25	0.5	65	5	1
13	0.38	0.25	65	5	1
13	0.25	0	18	5	1
13	0.13	0.75	65	5	0
13	0.13	0	5	5	0
13	0.38	0.75	65	5	0
13	0.25	0.5	5	5	0
13	0.25	0	65	5	1
13	0.25	0.75	18	5	0
13	0.13	0	34	5	1
13	0.25	0	9.5	5	1
13	0.25	0	65	5	1
13	0.13	0.5	9.5	5	1
13	0.25	0.5	5	5	0
13	0.13	0	9.5	5	1
13	0.38	0.25	5	5	0
13	0.13	0	34	5	1
13	0.25	0.75	5	5	0
13	0.38	0.5	65	5	1
13	0.13	0	18	5	0
13	0.25	0	65	5	1
13	0.25	0	34	5	1
13	0.13	0.25	18	5	0
13	0.38	0.5	18	5	1
13	0.13	0	34	5	0
13	0.38	0.25	34	5	1
13	0.13	0.75	18	5	0
13	0.25	0	5	5	0
13	0.25	0	34	5	1
13	0.38	0	18	5	1
13	0.25	0	9.5	5	0
13	0.38	0.75	18	5	0
13	0.38	0.75	34	5	0
13	0.25	0	18	5	0
13	0.13	0.5	5	5	0
13	0.25	0.75	5	5	0
13	0.25	0.75	18	5	0
13	0.13	0.75	9.5	5	0
13	0.38	0	34	5	1
13	0.25	0	34	5	1
13	0.13	0.5	18	5	0
13	0.13	0.25	65	5	0
13	0.13	0	65	5	1
13	0.25	0	5	5	0
13	0.13	0.75	9.5	5	0
13	0.25	0	9.5	5	0
13	0.13	0	34	5	1
13	0.25	0	65	5	1
13	0.13	0.5	65	5	0
13	0.38	0.25	9.5	5	0
13	0.13	0.25	65	5	0
13	0.13	0.75	65	5	0
13	0.13	0	18	5	1
13	0.38	0.25	65	5	1
13	0.13	0	18	5	0
13	0.13	0	34	5	0
13	0.13	0.5	65	5	0
13	0.25	0	9.5	5	0
13	0.25	0.5	9.5	5	0
13	0.38	0.25	65	5	1
13	0.13	0.25	34	5	1
13	0.25	0	9.5	5	0
13	0.25	0.75	65	5	0
13	0.13	0	65	5	1
13	0.25	0	18	5	1
13	0.13	0.25	65	5	0
13	0.13	0	9.5	5	0
13	0.38	0	5	5	1
13	0.25	0	34	5	1
13	0.38	0	18	5	1
13	0.38	0.25	5	5	0
13	0.13	0.5	34	5	0
13	0.38	0	9.5	5	0
13	0.38	0.25	65	5	1
13	0.13	0.25	34	5	0
13	0.25	0.25	18	5	1
13	0.13	0.75	18	5	0
13	0.25	0.5	5	5	1
13	0.25	0	34	5	1
13	0.13	0.5	18	5	0
13	0.25	0	5	5	0
13	0.25	0	9.5	5	0
13	0.38	0	18	5	1
13	0.38	0.25	34	5	1
13	0.25	0	18	5	0
13	0.13	0.25	65	5	0
13	0.38	0	5	5	0
13	0.13	0	9.5	5	1
13	0.38	0	9.5	5	0
13	0.25	0.5	5	5	0
13	0.38	0.5	9.5	5	0
13	0.38	0	18	5	1
13	0.13	0	18	5	1
13	0.13	0.25	34	5	0
13	0.25	0.25	34	5	1
13	0.25	0	18	5	0
13	0.25	0	5	5	0
13	0.25	0.75	65	5	0
13	0.13	0.25	18	5	0
13	0.13	0.75	5	5	0
13	0.25	0.5	9.5	5	0
13	0.38	0	9.5	5	1
13	0.38	0	5	5	0
13	0.25	0.5	5	5	0
13	0.13	0.25	65	5	0
13	0.38	0.75	34	5	0
13	0.13	0.75	5	5	0
13	0.13	0.75	65	5	0
13	0.38	0	5	5	1
13	0.38	0.5	5	5	1
13	0.25	0.5	9.5	5	0
13	0.25	0	18	5	0
13	0.25	0.75	5	5	0
13	0.13	0.75	5	5	0
13	0.38	0	5	5	0
13	0.13	0.75	9.5	5	0
13	0.25	0.25	18	5	0
13	0.13	0	65	5	1
13	0.25	0	65	5	1
13	0.25	0	9.5	5	0
13	0.13	0	34	5	0
13	0.25	0	9.5	5	0
13	0.13	0	34	5	0
13	0.25	0.75	65	5	0
13	0.13	0	18	5	0
13	0.13	0	5	5	0
13	0.13	0	9.5	5	1
13	0.38	0	65	5	1
13	0.13	0.5	9.5	5	0
13	0.13	0	5	5	0
13	0.25	0.75	5	5	0
13	0.13	0	34	5	0
13	0.38	0.25	5	5	0
13	0.38	0	9.5	5	1
13	0.25	0.5	18	5	0
13	0.38	0.75	9.5	5	0
13	0.13	0	65	5	1
13	0.25	0	65	5	1
13	0.38	0.5	34	5	1
13	0.25	0.75	18	5	0
13	0.25	0.25	34	5	1
13	0.25	0	34	5	1
13	0.38	0	9.5	5	1
13	0.38	0.5	5	5	0
13	0.38	0	9.5	5	1
13	0.13	0	65	5	1
13	0.38	0.25	18	5	1
13	0.38	0	9.5	5	0
13	0.38	0	18	5	1
13	0.38	0	9.5	5	1
13	0.38	0.75	18	5	0
13	0.38	0	5	5	1
13	0.25	0	34	5	1
13	0.38	0.75	34	5	0
13	0.25	0	34	5	1
13	0.38	0	18	5	1
13	0.38	0	34	5	1
13	0.38	0.5	65	5	1
13	0.38	0.5	18	5	0
13	0.38	0.25	34	5	1
13	0.25	0.75	18	5	0
13	0.25	0	5	5	0
13	0.38	0.75	5	5	0
14	0.38	0	18	5	1
14	0.25	0.75	9.5	5	0
14	0.25	0.25	65	5	1
14	0.38	0.25	34	5	1
14	0.13	0.25	65	5	1
14	0.25	0	34	5	1
14	0.13	0.5	18	5	0
14	0.13	0.5	34	5	0
14	0.38	0	65	5	1
14	0.13	0.5	65	5	0
14	0.25	0.5	5	5	0
14	0.25	0.5	65	5	0
14	0.25	0	5	5	0
14	0.38	0	18	5	1
14	0.38	0	18	5	1
14	0.13	0.75	18	5	0
14	0.25	0.5	9.5	5	0
14	0.25	0	65	5	1
14	0.25	0.25	65	5	1
14	0.13	0.5	65	5	0
14	0.38	0	18	5	0
14	0.25	0.25	65	5	1
14	0.38	0	18	5	1
14	0.13	0	18	5	0
14	0.25	0.75	34	5	0
14	0.13	0.5	34	5	0
14	0.25	0	34	5	1
14	0.13	0	65	5	1
14	0.25	0.5	9.5	5	0
14	0.38	0.25	5	5	0
14	0.38	0	5	5	0
14	0.13	0	65	5	1
14	0.38	0.25	5	5	0
14	0.38	0	9.5	5	1
14	0.25	0.75	34	5	0
14	0.38	0.75	18	5	0
14	0.38	0.75	5	5	0
14	0.13	0.75	5	5	0
14	0.13	0.75	18	5	0
14	0.25	0	65	5	1
14	0.25	0	65	5	1
14	0.13	0	65	5	1
14	0.25	0.25	65	5	1
14	0.25	0.25	34	5	0
14	0.25	0.75	18	5	0
14	0.13	0.25	65	5	0
14	0.38	0	65	5	1
14	0.13	0.5	9.5	5	0
14	0.25	0.75	18	5	0
14	0.38	0.5	34	5	0
14	0.13	0.25	18	5	0
14	0.38	0.75	65	5	1
14	0.38	0.5	9.5	5	1
14	0.38	0.75	9.5	5	1
14	0.13	0.75	18	5	0
14	0.13	0	9.5	5	0
14	0.25	0	9.5	5	0
14	0.13	0	34	5	1
14	0.13	0.75	65	5	0
14	0.25	0	5	5	0
14	0.13	0	9.5	5	0
14	0.13	0.5	65	5	0
14	0.38	0	5	5	1
14	0.13	0.75	5	5	0
14	0.25	0	34	5	1
14	0.25	0.25	5	5	0
14	0.13	0.25	18	5	0
14	0.38	0	9.5	5	0
14	0.13	0	5	5	0
14	0.13	0	65	5	1
14	0.38	0	34	5	1
14	0.38	0.5	9.5	5	1
14	0.38	0	65	5	1
14	0.38	0	9.5	5	0
14	0.25	0	34	5	1
14	0.25	0	18	5	1
14	0.38	0	5	5	0
14	0.25	0	65	5	1
14	0.38	0	5	5	1
14	0.13	0	5	5	1
14	0.38	0	9.5	5	1
14	0.38	0	34	5	1
14	0.25	0.75	9.5	5	0
14	0.13	0	65	5	1
14	0.25	0.75	9.5	5	1
14	0.38	0.5	9.5	5	0
14	0.38	0	34	5	1
14	0.25	0	9.5	5	0
14	0.38	0	5	5	0
14	0.13	0	5	5	0
14	0.25	0.25	65	5	1
14	0.38	0.5	18	5	0
14	0.13	0	34	5	0
14	0.25	0	34	5	1
14	0.13	0	34	5	1
14	0.25	0.75	34	5	0
14	0.13	0	18	5	0
14	0.38	0	5	5	0
14	0.38	0	34	5	1
14	0.13	0	18	5	0
14	0.25	0	18	5	1
14	0.38	0	18	5	1
14	0.25	0.75	65	5	0
14	0.38	0	34	5	1
14	0.25	0.75	18	5	1
14	0.38	0.75	9.5	5	0
14	0.38	0.25	9.5	5	1
14	0.25	0.5	34	5	0
14	0.38	0	5	5	1
14	0.13	0.25	9.5	5	0
14	0.38	0	65	5	1
14	0.25	0	5	5	0
14	0.38	0.25	5	5	0
14	0.38	0.25	5	5	0
14	0.13	0.25	18	5	0
14	0.13	0	5	5	0
14	0.25	0	5	5	0
14	0.38	0.75	9.5	5	1
14	0.38	0.5	34	5	1
14	0.25	0	65	5	1
14	0.25	0	34	5	1
14	0.38	0.25	65	5	1
14	0.13	0	18	5	0
14	0.25	0	9.5	5	0
14	0.13	0	9.5	5	0
14	0.25	0.5	9.5	5	0
14	0.38	0	9.5	5	1
14	0.13	0	34	5	0
14	0.13	0.5	18	5	0
14	0.25	0.25	34	5	1
14	0.25	0	34	5	1
14	0.25	0.5	34	5	0
14	0.13	0.75	34	5	0
14	0.25	0.25	5	5	1
14	0.38	0	9.5	5	1
14	0.25	0.25	5	5	0
14	0.13	0.25	5	5	0
14	0.38	0	9.5	5	0
14	0.38	0	18	5	1
14	0.25	0.25	5	5	0
14	0.38	0	9.5	5	1
14	0.38	0	5	5	1
14	0.38	0.5	18	5	1
14	0.13	0.75	9.5	5	0
14	0.38	0	18	5	1
14	0.25	0.5	5	5	1
14	0.38	0.25	65	5	1
14	0.25	0	34	5	1
14	0.13	0.75	65	5	0
14	0.13	0.5	65	5	0
14	0.25	0	18	5	1
14	0.25	0	18	5	0
14	0.13	0.75	5	5	0
14	0.25	0.25	18	5	0
14	0.13	0	65	5	1
14	0.13	0	9.5	5	0
14	0.25	0	65	5	1
14	0.13	0.5	34	5	0
14	0.13	0.5	18	5	0
14	0.38	0.75	9.5	5	0
14	0.13	0.5	34	5	0
14	0.13	0.5	34	5	0
14	0.13	0.25	9.5	5	0
14	0.25	0	34	5	0
14	0.38	0.5	5	5	0
14	0.13	0.75	5	5	0
14	0.25	0.25	9.5	5	0
14	0.38	0	65	5	1
14	0.25	0	18	5	0
14	0.13	0.75	65	5	0
14	0.13	0	5	5	0
14	0.13	0	18	5	1
14	0.38	0.5	18	5	1
14	0.38	0	9.5	5	1
14	0.25	0.75	9.5	5	0
14	0.38	0	5	5	1
14	0.13	0.25	5	5	0
14	0.13	0	34	5	1
14	0.25	0	18	5	0
14	0.13	0	34	5	1
15	0.25	0.25	65	5	1
15	0.13	0.25	34	5	0
15	0.38	0.25	9.5	5	0
15	0.25	0	9.5	5	1
15	0.25	0.75	5	5	0
15	0.38	0	18	5	1
15	0.38	0	18	5	0
15	0.13	0.25	34	5	1
15	0.13	0.75	18	5	0
15	0.38	0	65	5	1
15	0.25	0.5	5	5	0
15	0.25	0.5	9.5	5	0
15	0.25	0	18	5	0
15	0.38	0	18	5	1
15	0.38	0.5	65	5	1
15	0.38	0	34	5	1
15	0.38	0	18	5	0
15	0.13	0	34	5	0
15	0.13	0	65	5	0
15	0.25	0	34	5	1
15	0.25	0	9.5	5	0
15	0.13	0	5	5	0
15	0.25	0.25	65	5	1
15	0.13	0	5	5	0
15	0.38	0.5	65	5	0
15	0.13	0	34	5	0
15	0.25	0	65	5	1
15	0.25	0.25	65	5	1
15	0.13	0	5	5	0
15	0.25	0.75	9.5	5	0
15	0.25	0	18	5	1
15	0.25	0	65	5	0
15	0.25	0	34	5	0
15	0.25	0.75	18	5	0
15	0.38	0.5	34	5	0
15	0.38	0.75	9.5	5	0
15	0.38	0.25	5	5	1
15	0.38	0.25	5	5	1
15	0.38	0.5	5	5	1
15	0.25	0.25	65	5	0
15	0.38	0	9.5	5	1
15	0.13	0	34	5	1
15	0.38	0.5	9.5	5	0
15	0.38	0.5	9.5	5	1
15	0.13	0.75	65	5	0
15	0.25	0.25	34	5	0
15	0.25	0	34	5	1
15	0.38	0	9.5	5	1
15	0.38	0.25	18	5	1
15	0.25	0	5	5	0
15	0.38	0	9.5	5	1
15	0.38	0	65	5	1
15	0.13	0	9.5	5	0
15	0.25	0	5	5	1
15	0.13	0.75	65	5	0
15	0.38	0.25	5	5	0
15	0.25	0	18	5	1
15	0.13	0	5	5	0
15	0.38	0	34	5	1
15	0.38	0	34	5	1
15	0.13	0.75	5	5	0
15	0.25	0	9.5	5	0
15	0.13	0	34	5	1
15	0.13	0.25	18	5	0
15	0.38	0.75	18	5	0
15	0.13	0.75	9.5	5	0
15	0.38	0	18	5	0
15	0.38	0.5	9.5	5	1
15	0.13	0.75	18	5	0
15	0.38	0	34	5	1
15	0.25	0	34	5	1
15	0.25	0	9.5	5	0
15	0.38	0.25	18	5	1
15	0.38	0.75	65	5	0
15	0.25	0.75	18	5	0
15	0.13	0.5	9.5	5	0
15	0.13	0	18	5	0
15	0.25	0	34	5	0
15	0.25	0	9.5	5	1
15	0.25	0	5	5	1
15	0.38	0	9.5	5	0
15	0.25	0	5	5	1
15	0.25	0.75	18	5	0
15	0.38	0.25	65	5	1
15	0.13	0	5	5	0
15	0.38	0.75	9.5	5	0
15	0.38	0	34	5	1
15	0.13	0.25	34	5	0
15	0.38	0	18	5	1
15	0.13	0	5	5	0
15	0.25	0	65	5	1
15	0.38	0.5	34	5	0
15	0.38	0	5	5	0
15	0.38	0	9.5	5	1
15	0.13	0.5	65	5	0
15	0.25	0.5	9.5	5	0
15	0.38	0	5	5	1
15	0.25	0.5	9.5	5	0
15	0.25	0.5	18	5	0
15	0.13	0.75	5	5	0
15	0.38	0	18	5	1
15	0.25	0.5	5	5	0
15	0.13	0	65	5	1
15	0.38	0.5	5	5	0
15	0.38	0.5	9.5	5	0
15	0.25	0.5	5	5	0
15	0.25	0.5	9.5	5	0
15	0.13	0.5	18	5	0
15	0.38	0.25	18	5	1
15	0.25	0.25	34	5	0
15	0.38	0	9.5	5	0
15	0.25	0.75	65	5	0
15	0.25	0	34	5	1
15	0.13	0.75	34	5	0
15	0.13	0	34	5	1
15	0.13	0	18	5	0
15	0.25	0.25	65	5	1
15	0.13	0.75	18	5	0
15	0.25	0.75	34	5	0
15	0.25	0	18	5	1
15	0.38	0	34	5	1
15	0.13	0	65	5	1
15	0.25	0.25	65	5	0
15	0.38	0.25	34	5	1
15	0.13	0.25	65	5	0
15	0.25	0.75	65	5	0
15	0.38	0	18	5	0
15	0.13	0	5	5	0
15	0.13	0	34	5	1
15	0.13	0	9.5	5	0
15	0.25	0	34	5	1
15	0.25	0	9.5	5	1
15	0.25	0.75	9.5	5	0
15	0.25	0.75	5	5	0
15	0.38	0.75	34	5	1
15	0.13	0	65	5	0
15	0.25	0.5	65	5	0
15	0.13	0	65	5	1
15	0.38	0	34	5	1
15	0.25	0.5	65	5	0
15	0.25	0.75	18	5	0
15	0.13	0.75	5	5	0
15	0.13	0	65	5	1
15	0.38	0	34	5	1
15	0.25	0.25	34	5	1
15	0.13	0	34	5	0
15	0.38	0	5	5	0
15	0.13	0	34	5	1
15	0.13	0.5	18	5	0
15	0.25	0.5	9.5	5	0
15	0.13	0	18	5	0
15	0.25	0.25	5	5	0
15	0.13	0	5	5	0
15	0.13	0.75	5	5	0
15	0.13	0.25	5	5	0
15	0.38	0.75	65	5	0
15	0.13	0.5	18	5	0
15	0.25	0.5	9.5	5	1
15	0.25	0	9.5	5	1
15	0.13	0.5	18	5	0
15	0.13	0	34	5	0
15	0.13	0	65	5	0
15	0.25	0	9.5	5	0
15	0.38	0.25	5	5	1
15	0.13	0	18	5	0
15	0.38	0.25	65	5	1
15	0.13	0.75	5	5	0
15	0.38	0.75	5	5	0
15	0.13	0.25	65	5	0
15	0.25	0.5	18	5	0
15	0.13	0.5	5	5	0
15	0.13	0	5	5	0
15	0.38	0	18	5	1
15	0.38	0	65	5	1
15	0.38	0.25	9.5	5	1
15	0.13	0.25	9.5	5	0
15	0.13	0	18	5	0
15	0.38	0	65	5	0
15	0.13	0	9.5	5	0
15	0.38	0	65	5	1
16	0.13	0	18	5	0
16	0.38	0.5	18	5	0
16	0.38	0	65	5	1
16	0.25	0.75	5	5	0
16	0.25	0	34	5	1
16	0.13	0	18	5	1
16	0.38	0.5	9.5	5	0
16	0.25	0	34	5	1
16	0.13	0.5	18	5	0
16	0.25	0.75	5	5	0
16	0.13	0.5	9.5	5	0
16	0.25	0.25	9.5	5	0
16	0.25	0	18	5	1
16	0.25	0.5	18	5	0
16	0.38	0.25	9.5	5	1
16	0.25	0	65	5	1
16	0.25	0.5	5	5	0
16	0.38	0.75	65	5	0
16	0.13	0.75	65	5	0
16	0.25	0.75	9.5	5	0
16	0.38	0	34	5	1
16	0.38	0.5	34	5	1
16	0.13	0.5	18	5	0
16	0.13	0.75	18	5	0
16	0.25	0.25	18	5	0
16	0.38	0.5	34	5	1
16	0.25	0	9.5	5	0
16	0.13	0.5	9.5	5	0
16	0.13	0.25	18	5	0
16	0.25	0	5	5	0
16	0.13	0.75	5	5	0
16	0.13	0	65	5	1
16	0.25	0.75	65	5	0
16	0.13	0.75	18	5	0
16	0.25	0.5	18	5	0
16	0.38	0	34	5	1
16	0.38	0	9.5	5	0
16	0.13	0.75	9.5	5	0
16	0.13	0	5	5	0
16	0.25	0.25	18	5	1
16	0.38	0.75	5	5	0
16	0.25	0	5	5	0
16	0.13	0.75	5	5	0
16	0.25	0.25	34	5	0
16	0.25	0	9.5	5	0
16	0.25	0	65	5	1
16	0.13	0	65	5	1
16	0.25	0.5	65	5	0
16	0.25	0.5	34	5	0
16	0.13	0.75	9.5	5	0
16	0.25	0.25	18	5	1
16	0.13	0	65	5	1
16	0.38	0	18	5	1
16	0.38	0	18	5	1
16	0.13	0	34	5	0
16	0.25	0	34	5	1
16	0.38	0	5	5	0
16	0.13	0.75	65	5	0
16	0.38	0	34	5	1
16	0.25	0.5	9.5	5	0
16	0.38	0	34	5	1
16	0.13	0	65	5	1
16	0.38	0	65	5	1
16	0.13	0.25	18	5	0
16	0.25	0.75	9.5	5	0
16	0.13	0.25	5	5	0
16	0.38	0.5	34	5	1
16	0.13	0.25	65	5	0
16	0.38	0.75	18	5	0
16	0.25	0.5	65	5	0
16	0.38	0	5	5	0
16	0.25	0	9.5	5	1
16	0.25	0	34	5	0
16	0.13	0	34	5	1
16	0.38	0	65	5	1
16	0.13	0	34	5	0
16	0.38	0.25	5	5	0
16	0.38	0.5	9.5	5	0
16	0.38	0	65	5	1
16	0.25	0.5	18	5	0
16	0.25	0	18	5	1
16	0.38	0	34	5	1
16	0.13	0.5	65	5	0
16	0.13	0.25	34	5	0
16	0.38	0.75	65	5	0
16	0.38	0	9.5	5	0
16	0.25	0	9.5	5	1
16	0.38	0	5	5	1
16	0.13	0.25	65	5	0
16	0.25	0.75	5	5	0
16	0.25	0.5	34	5	0
16	0.38	0	5	5	0
16	0.38	0	9.5	5	1
16	0.38	0.25	34	5	1
16	0.38	0.25	9.5	5	0
16	0.38	0	9.5	5	1
16	0.25	0	9.5	5	1
16	0.38	0.75	5	5	0
16	0.25	0	34	5	1
16	0.13	0	5	5	0
16	0.25	0.25	9.5	5	0
16	0.38	0	9.5	5	1
16	0.25	0	34	5	1
16	0.25	0.25	5	5	0
16	0.25	0	18	5	1
16	0.38	0.25	65	5	1
16	0.13	0	9.5	5	1
16	0.13	0.5	9.5	5	0
16	0.13	0	65	5	1
16	0.38	0	65	5	1
16	0.13	0.5	65	5	0
16	0.13	0	18	5	0
16	0.38	0	5	5	0
16	0.13	0	18	5	0
16	0.25	0.25	65	5	1
16	0.13	0.5	65	5	0
16	0.38	0	5	5	0
16	0.38	0	65	5	1
16	0.13	0	5	5	0
16	0.38	0.25	5	5	0
16	0.13	0.25	34	5	0
16	0.13	0	5	5	0
16	0.38	0	18	5	1
16	0.25	0.25	18	5	0
16	0.13	0	18	5	0
16	0.13	0	9.5	5	1
16	0.38	0	65	5	1
16	0.38	0	18	5	1
16	0.25	0	65	5	1
16	0.38	0	5	5	0
16	0.25	0	34	5	1
16	0.25	0.25	18	5	0
16	0.38	0	5	5	0
16	0.38	0	18	5	1
16	0.25	0	5	5	0
16	0.13	0.75	65	5	0
16	0.13	0.5	9.5	5	0
16	0.13	0	18	5	0
16	0.13	0	5	5	0
16	0.25	0.25	18	5	1
16	0.38	0.5	65	5	1
16	0.38	0.25	65	5	1
16	0.25	0	5	5	0
16	0.13	0.75	18	5	0
16	0.25	0	65	5	1
16	0.38	0	65	5	1
16	0.13	0.5	34	5	0
16	0.13	0.75	65	5	0
16	0.25	0	5	5	1
16	0.25	0.75	5	5	0
16	0.13	0	34	5	0
16	0.13	0.25	18	5	0
16	0.13	0	5	5	0
16	0.13	0.75	34	5	0
16	0.38	0	5	5	0
16	0.38	0	34	5	1
16	0.13	0	34	5	1
16	0.25	0.25	9.5	5	0
16	0.25	0.5	18	5	0
16	0.25	0.75	18	5	0
16	0.13	0.5	5	5	1
16	0.38	0.25	9.5	5	1
16	0.13	0.75	9.5	5	0
16	0.25	0	34	5	1
16	0.38	0.75	34	5	0
16	0.13	0	34	5	1
16	0.38	0.25	65	5	1
16	0.25	0	18	5	1
16	0.25	0.5	34	5	0
16	0.25	0	34	5	1
16	0.38	0	5	5	1
16	0.13	0.75	5	5	0
16	0.38	0	9.5	5	0
16	0.38	0.75	9.5	5	0
16	0.13	0	34	5	0
16	0.25	0	9.5	5	0
16	0.13	0.25	9.5	5	0
16	0.38	0	34	5	1
16	0.25	0.75	9.5	5	0
16	0.38	0.5	9.5	5	0
17	0.13	0.25	65	5	0
17	0.38	0.25	9.5	5	0
17	0.25	0	65	5	1
17	0.25	0.5	34	5	0
17	0.25	0.75	34	5	0
17	0.38	0	9.5	5	0
17	0.38	0	65	5	1
17	0.13	0	18	5	0
17	0.13	0	5	5	0
17	0.25	0.75	18	5	0
17	0.38	0	18	5	1
17	0.13	0	34	5	0
17	0.25	0	9.5	5	0
17	0.25	0.5	5	5	0
17	0.25	0.25	9.5	5	0
17	0.13	0.25	5	5	0
17	0.25	0	18	5	0
17	0.13	0.75	9.5	5	0
17	0.13	0.25	18	5	0
17	0.13	0	18	5	0
17	0.25	0.5	18	5	0
17	0.13	0	65	5	1
17	0.25	0	65	5	1
17	0.38	0	9.5	5	0
17	0.13	0	18	5	1
17	0.38	0.75	34	5	0
17	0.25	0.5	9.5	5	0
17	0.13	0	5	5	0
17	0.38	0	18	5	1
17	0.25	0.5	34	5	0
17	0.13	0	65	5	1
17	0.25	0.25	18	5	0
17	0.38	0	18	5	0
17	0.38	0.25	9.5	5	0
17	0.38	0.5	34	5	0
17	0.13	0	9.5	5	0
17	0.13	0.5	5	5	0
17	0.25	0	5	5	0
17	0.13	0	9.5	5	0
17	0.38	0.75	34	5	0
17	0.13	0.5	65	5	0
17	0.38	0.75	18	5	0
17	0.13	0	34	5	1
17	0.38	0	9.5	5	0
17	0.25	0.75	5	5	0
17	0.25	0.5	9.5	5	0
17	0.25	0	9.5	5	0
17	0.38	0	34	5	1
17	0.25	0.5	18	5	0
17	0.38	0.5	5	5	0
17	0.25	0.25	9.5	5	0
17	0.38	0.75	65	5	0
17	0.38	0	18	5	0
17	0.38	0	9.5	5	1
17	0.25	0	65	5	1
17	0.25	0.75	65	5	0
17	0.25	0	9.5	5	1
17	0.13	0	9.5	5	0
17	0.38	0.25	18	5	1
17	0.13	0	34	5	0
17	0.13	0.25	65	5	0
17	0.25	0	34	5	1
17	0.38	0	65	5	1
17	0.38	0.5	34	5	0
17	0.25	0	34	5	1
17	0.25	0.75	65	5	0
17	0.38	0.25	5	5	0
17	0.25	0	34	5	1
17	0.13	0.5	34	5	0
17	0.25	0	18	5	0
17	0.13	0.25	18	5	0
17	0.13	0.25	18	5	0
17	0.25	0	65	5	1
17	0.38	0.5	9.5	5	0
17	0.13	0	5	5	0
17	0.13	0	9.5	5	0
17	0.38	0.75	65	5	0
17	0.25	0.75	34	5	0
17	0.25	0.5	65	5	0
17	0.25	0	5	5	0
17	0.13	0.25	9.5	5	0
17	0.38	0.5	65	5	1
17	0.13	0	9.5	5	0
17	0.25	0	5	5	1
17	0.38	0	5	5	0
17	0.38	0	9.5	5	1
17	0.38	0	5	5	0
17	0.25	0.5	34	5	0
17	0.25	0	34	5	1
17	0.38	0	5	5	0
17	0.25	0.75	34	5	0
17	0.38	0.5	65	5	1
17	0.38	0	5	5	0
17	0.38	0	9.5	5	1
17	0.13	0.75	5	5	0
17	0.25	0.25	18	5	0
17	0.38	0	5	5	0
17	0.25	0.5	65	5	0
17	0.13	0	5	5	0
17	0.38	0.75	5	5	0
17	0.13	0	5	5	0
17	0.13	0.5	18	5	0
17	0.25	0.75	34	5	0
17	0.13	0.25	9.5	5	0
17	0.25	0	34	5	1
17	0.25	0	18	5	0
17	0.38	0.75	65	5	0
17	0.13	0.75	34	5	0
17	0.13	0	5	5	0
17	0.25	0	65	5	1
17	0.25	0	9.5	5	1
17	0.38	0.25	34	5	1
17	0.38	0	34	5	1
17	0.25	0.5	18	5	0
17	0.38	0	18	5	1
17	0.38	0.25	65	5	1
17	0.13	0.75	9.5	5	0
17	0.25	0.75	5	5	0
17	0.25	0	65	5	1
17	0.25	0	65	5	1
17	0.38	0	18	5	1
17	0.38	0	5	5	0
17	0.25	0	9.5	5	0
17	0.38	0.25	9.5	5	1
17	0.13	0.75	5	5	0
17	0.38	0.25	65	5	1
17	0.13	0	34	5	0
17	0.38	0.5	65	5	0
17	0.13	0.75	5	5	0
17	0.13	0.75	65	5	0
17	0.13	0.25	34	5	0
17	0.13	0	5	5	0
17	0.38	0.5	34	5	0
17	0.38	0.5	65	5	1
17	0.38	0.5	65	5	1
17	0.13	0	9.5	5	0
17	0.38	0.75	34	5	0
17	0.25	0	18	5	1
17	0.13	0	9.5	5	0
17	0.38	0.25	9.5	5	0
17	0.38	0.5	34	5	0
17	0.13	0	34	5	1
17	0.13	0.25	34	5	0
17	0.25	0.25	65	5	1
17	0.13	0	65	5	1
17	0.38	0.75	34	5	0
17	0.25	0	5	5	0
17	0.25	0.25	18	5	0
17	0.13	0.5	5	5	0
17	0.13	0.5	9.5	5	0
17	0.13	0.5	65	5	0
17	0.38	0	9.5	5	0
17	0.25	0	5	5	0
17	0.38	0.25	18	5	0
17	0.13	0	5	5	0
17	0.13	0.25	34	5	0
17	0.25	0	5	5	1
17	0.25	0.25	18	5	0
17	0.13	0.75	18	5	0
17	0.25	0.25	65	5	1
17	0.13	0	9.5	5	0
17	0.13	0.75	65	5	0
17	0.25	0	18	5	0
17	0.38	0	18	5	1
17	0.13	0	34	5	0
17	0.38	0	18	5	1
17	0.25	0.75	65	5	0
17	0.38	0	9.5	5	1
17	0.13	0	65	5	1
17	0.25	0.25	34	5	0
17	0.38	0.75	18	5	0
17	0.38	0	9.5	5	0
17	0.38	0.5	34	5	0
17	0.25	0	5	5	0
17	0.13	0	18	5	1
17	0.13	0.75	5	5	0
17	0.13	0	18	5	0
17	0.38	0	18	5	1
17	0.25	0	5	5	1
17	0.13	0	5	5	0
18	0.13	0.5	34	5	0
18	0.13	0.5	65	5	0
18	0.13	0	9.5	5	0
18	0.25	0	18	5	1
18	0.38	0	65	5	1
18	0.38	0.25	34	5	1
18	0.13	0.5	18	5	0
18	0.13	0	65	5	1
18	0.13	0	9.5	5	0
18	0.25	0.75	18	5	0
18	0.38	0.75	5	5	0
18	0.38	0	34	5	1
18	0.38	0	65	5	1
18	0.25	0.5	18	5	0
18	0.25	0.75	9.5	5	1
18	0.38	0.5	9.5	5	0
18	0.38	0	18	5	1
18	0.38	0.5	34	5	0
18	0.38	0.5	34	5	1
18	0.25	0.75	65	5	0
18	0.38	0	5	5	0
18	0.25	0	18	5	1
18	0.25	0	18	5	1
18	0.13	0.25	34	5	1
18	0.38	0	34	5	1
18	0.13	0	34	5	0
18	0.13	0	18	5	0
18	0.13	0.25	5	5	0
18	0.38	0	9.5	5	1
18	0.38	0	34	5	1
18	0.13	0.25	9.5	5	0
18	0.38	0.5	18	5	0
18	0.13	0	65	5	1
18	0.25	0.75	5	5	0
18	0.25	0	65	5	1
18	0.25	0	9.5	5	1
18	0.38	0.25	34	5	1
18	0.38	0	5	5	1
18	0.13	0	9.5	5	0
18	0.38	0.5	34	5	1
18	0.25	0.5	9.5	5	0
18	0.13	0.5	18	5	0
18	0.13	0	18	5	0
18	0.13	0	9.5	5	0
18	0.25	0.75	5	5	0
18	0.13	0	65	5	1
18	0.38	0.25	5	5	0
18	0.38	0	65	5	1
18	0.13	0.75	34	5	0
18	0.25	0.75	65	5	0
18	0.38	0.75	18	5	1
18	0.25	0.75	34	5	0
18	0.13	0.25	65	5	0
18	0.13	0.5	34	5	0
18	0.38	0	5	5	0
18	0.13	0	5	5	0
18	0.38	0	65	5	1
18	0.13	0.25	5	5	0
18	0.25	0.25	9.5	5	0
18	0.13	0	65	5	1
18	0.13	0	18	5	0
18	0.13	0.75	18	5	0
18	0.38	0.75	9.5	5	0
18	0.38	0.5	9.5	5	0
18	0.13	0.25	65	5	0
18	0.25	0	18	5	0
18	0.38	0.75	34	5	0
18	0.13	0	5	5	0
18	0.25	0	65	5	1
18	0.13	0	9.5	5	0
18	0.38	0	9.5	5	1
18	0.25	0	18	5	0
18	0.38	0.5	65	5	1
18	0.25	0.25	9.5	5	0
18	0.25	0	34	5	1
18	0.25	0.5	18	5	0
18	0.38	0	5	5	0
18	0.38	0.75	34	5	0
18	0.13	0	34	5	1
18	0.38	0	65	5	1
18	0.13	0	65	5	0
18	0.25	0.25	65	5	1
18	0.13	0	9.5	5	0
18	0.25	0.25	18	5	0
18	0.25	0.25	65	5	1
18	0.13	0	5	5	0
18	0.38	0	34	5	1
18	0.25	0	9.5	5	1
18	0.25	0	65	5	1
18	0.25	0	18	5	1
18	0.25	0.75	65	5	0
18	0.13	0.5	5	5	0
18	0.13	0.5	34	5	0
18	0.13	0.75	9.5	5	0
18	0.25	0	65	5	1
18	0.13	0	34	5	1
18	0.13	0.75	18	5	0
18	0.25	0.25	65	5	1
18	0.13	0.25	34	5	0
18	0.25	0	18	5	1
18	0.38	0	9.5	5	1
18	0.38	0.5	18	5	1
18	0.13	0	65	5	0
18	0.25	0.5	65	5	1
18	0.25	0	18	5	0
18	0.38	0.25	65	5	1
18	0.13	0.25	18	5	0
18	0.25	0.75	34	5	0
18	0.13	0.75	34	5	0
18	0.38	0	65	5	1
18	0.38	0	5	5	1
18	0.38	0	5	5	1
18	0.25	0.5	9.5	5	0
18	0.38	0	5	5	0
18	0.25	0	5	5	0
18	0.38	0	18	5	1
18	0.13	0.5	5	5	0
18	0.13	0	9.5	5	1
18	0.25	0.5	9.5	5	0
18	0.13	0	5	5	0
18	0.13	0.75	5	5	0
18	0.25	0	65	5	1
18	0.25	0	18	5	1
18	0.13	0.25	18	5	0
18	0.38	0	5	5	1
18	0.13	0	9.5	5	0
18	0.25	0.25	34	5	0
18	0.25	0.75	5	5	0
18	0.13	0.75	5	5	0
18	0.13	0.75	34	5	0
18	0.25	0.25	5	5	0
18	0.38	0.25	34	5	1
18	0.38	0.5	34	5	1
18	0.13	0	18	5	1
18	0.13	0	9.5	5	1
18	0.38	0.75	5	5	0
18	0.38	0.25	18	5	0
18	0.13	0	34	5	0
18	0.38	0.25	34	5	1
18	0.38	0.5	18	5	1
18	0.38	0	9.5	5	0
18	0.38	0.5	65	5	1
18	0.25	0.5	18	5	0
18	0.25	0	9.5	5	0
18	0.25	0.25	18	5	0
18	0.13	0	5	5	0
18	0.38	0.75	65	5	0
18	0.25	0	5	5	0
18	0.38	0.25	5	5	0
18	0.38	0.75	18	5	0
18	0.25	0	5	5	0
18	0.38	0.75	9.5	5	0
18	0.25	0	9.5	5	0
18	0.25	0.25	34	5	0
18	0.25	0.5	5	5	1
18	0.25	0	65	5	1
18	0.25	0	9.5	5	0
18	0.13	0.5	34	5	0
18	0.13	0.75	9.5	5	0
18	0.25	0	9.5	5	0
18	0.13	0	9.5	5	0
18	0.38	0	65	5	1
18	0.13	0	34	5	1
18	0.38	0.75	18	5	1
18	0.38	0.25	5	5	0
18	0.25	0	34	5	1
18	0.25	0	5	5	0
18	0.25	0	34	5	1
18	0.25	0	65	5	1
18	0.38	0.25	5	5	0
18	0.13	0.25	34	5	0
18	0.13	0	18	5	1
18	0.38	0.75	5	5	0
18	0.13	0.5	9.5	5	0
18	0.25	0	9.5	5	0
18	0.38	0	65	5	1
18	0.38	0	5	5	0
18	0.38	0	9.5	5	1
18	0.25	0	18	5	1
18	0.25	0.5	65	5	0
19	0.25	0.5	9.5	5	0
19	0.13	0	18	5	1
19	0.13	0	65	5	1
19	0.25	0.75	18	5	0
19	0.25	0.25	5	5	1
19	0.13	0.25	18	5	0
19	0.38	0.5	65	5	1
19	0.13	0	18	5	0
19	0.13	0.75	65	5	0
19	0.13	0	5	5	0
19	0.38	0	5	5	0
19	0.25	0.25	5	5	0
19	0.38	0.5	9.5	5	0
19	0.25	0.75	18	5	0
19	0.13	0	65	5	1
19	0.13	0	34	5	1
19	0.25	0.5	5	5	0
19	0.13	0	34	5	1
19	0.13	0	5	5	0
19	0.25	0	18	5	1
19	0.25	0.75	65	5	0
19	0.25	0.75	34	5	0
19	0.13	0.75	9.5	5	0
19	0.38	0.75	65	5	1
19	0.38	0	9.5	5	0
19	0.13	0.75	65	5	0
19	0.38	0	18	5	1
19	0.38	0	5	5	0
19	0.13	0.75	65	5	0
19	0.25	0.25	34	5	1
19	0.38	0	18	5	1
19	0.25	0	5	5	1
19	0.38	0	65	5	1
19	0.38	0.75	9.5	5	0
19	0.38	0	18	5	1
19	0.25	0.75	65	5	0
19	0.13	0.25	34	5	0
19	0.38	0.25	65	5	1
19	0.25	0	5	5	1
19	0.13	0	9.5	5	0
19	0.13	0	18	5	0
19	0.13	0	5	5	0
19	0.13	0.25	65	5	0
19	0.38	0.75	65	5	1
19	0.38	0	65	5	1
19	0.25	0	65	5	1
19	0.38	0.25	34	5	1
19	0.25	0.75	34	5	0
19	0.25	0.75	9.5	5	0
19	0.25	0.75	34	5	0
19	0.25	0.5	34	5	0
19	0.13	0.5	34	5	0
19	0.13	0.25	5	5	0
19	0.25	0	18	5	1
19	0.13	0	65	5	1
19	0.13	0.75	9.5	5	0
19	0.38	0.5	18	5	0
19	0.38	0	34	5	1
19	0.13	0.5	9.5	5	0
19	0.13	0.25	18	5	0
19	0.38	0	9.5	5	1
19	0.13	0	9.5	5	1
19	0.38	0	5	5	0
19	0.38	0	34	5	1
19	0.25	0	9.5	5	0
19	0.13	0.5	5	5	0
19	0.25	0	5	5	0
19	0.25	0	65	5	1
19	0.25	0	5	5	0
19	0.38	0	34	5	1
19	0.38	0	18	5	1
19	0.13	0	5	5	0
19	0.25	0	65	5	1
19	0.13	0	18	5	1
19	0.38	0	65	5	1
19	0.13	0	9.5	5	0
19	0.25	0.5	5	5	0
19	0.25	0	34	5	1
19	0.25	0	34	5	1
19	0.13	0	65	5	1
19	0.38	0	5	5	0
19	0.25	0	9.5	5	0
19	0.25	0.5	65	5	1
19	0.13	0	65	5	1
19	0.13	0	9.5	5	0
19	0.13	0	5	5	0
19	0.13	0.5	34	5	0
19	0.13	0	9.5	5	0
19	0.25	0.25	18	5	1
19	0.13	0.5	18	5	0
19	0.25	0	34	5	1
19	0.38	0.75	65	5	1
19	0.38	0.75	65	5	0
19	0.25	0.75	65	5	0
19	0.38	0.5	5	5	0
19	0.13	0	5	5	0
19	0.25	0	5	5	1
19	0.38	0.5	65	5	1
19	0.13	0.25	34	5	0
19	0.13	0	34	5	1
19	0.38	0	34	5	1
19	0.25	0	34	5	1
19	0.38	0.75	18	5	0
19	0.38	0	65	5	1
19	0.38	0	5	5	1
19	0.38	0	18	5	1
19	0.25	0.5	18	5	0
19	0.13	0	18	5	1
19	0.13	0	34	5	1
19	0.25	0	9.5	5	0
19	0.38	0.5	5	5	0
19	0.38	0	18	5	1
19	0.25	0	5	5	0
19	0.25	0.5	9.5	5	0
19	0.13	0.25	65	5	0
19	0.38	0.25	5	5	0
19	0.25	0.5	34	5	0
19	0.38	0.75	65	5	1
19	0.25	0.5	9.5	5	0
19	0.38	0.75	18	5	0
19	0.38	0.75	9.5	5	0
19	0.13	0.25	9.5	5	0
19	0.25	0.5	34	5	0
19	0.13	0.25	18	5	0
19	0.38	0.5	9.5	5	0
19	0.25	0	5	5	0
19	0.25	0.25	65	5	1
19	0.13	0	34	5	0
19	0.13	0	34	5	1
19	0.38	0.75	65	5	1
19	0.38	0.25	34	5	1
19	0.13	0.75	9.5	5	0
19	0.25	0.75	65	5	0
19	0.38	0	9.5	5	1
19	0.25	0	18	5	0
19	0.25	0.5	65	5	1
19	0.13	0	18	5	0
19	0.25	0	5	5	0
19	0.25	0.5	65	5	0
19	0.38	0.5	9.5	5	0
19	0.13	0	18	5	1
19	0.38	0	5	5	0
19	0.38	0.75	18	5	0
19	0.38	0.5	9.5	5	0
19	0.25	0.75	9.5	5	0
19	0.25	0	9.5	5	1
19	0.25	0.25	9.5	5	0
19	0.25	0.25	65	5	1
19	0.13	0	18	5	0
19	0.38	0	18	5	1
19	0.13	0.75	34	5	0
19	0.25	0	34	5	1
19	0.25	0	9.5	5	1
19	0.38	0.25	34	5	1
19	0.25	0	9.5	5	0
19	0.38	0.25	18	5	1
19	0.25	0	9.5	5	0
19	0.25	0.25	18	5	0
19	0.38	0	18	5	1
19	0.38	0	5	5	0
19	0.25	0	5	5	1
19	0.38	0	5	5	1
19	0.38	0.25	5	5	0
19	0.13	0.25	18	5	0
19	0.13	0.25	9.5	5	0
19	0.13	0	9.5	5	0
19	0.38	0.5	9.5	5	0
19	0.13	0	34	5	1
19	0.38	0.25	65	5	1
19	0.38	0	18	5	1
19	0.38	0.25	34	5	1
19	0.38	0	18	5	1
19	0.13	0	5	5	0
19	0.13	0.75	5	5	0
19	0.25	0.5	34	5	0
19	0.25	0.5	9.5	5	0
19	0.13	0.5	5	5	0
19	0.13	0.25	34	5	0
19	0.13	0	34	5	1
19	0.38	0.25	34	5	1
20	0.25	0	34	5	1
20	0.13	0.75	65	5	0
20	0.38	0.75	65	5	0
20	0.25	0	5	5	0
20	0.38	0	34	5	1
20	0.38	0	34	5	1
20	0.38	0.75	5	5	0
20	0.13	0.5	34	5	0
20	0.25	0	34	5	1
20	0.13	0	9.5	5	1
20	0.38	0	65	5	1
20	0.13	0.5	65	5	0
20	0.38	0	34	5	1
20	0.38	0	9.5	5	0
20	0.38	0	34	5	1
20	0.38	0	65	5	1
20	0.13	0	65	5	0
20	0.38	0.25	18	5	1
20	0.38	0	65	5	1
20	0.25	0.5	18	5	0
20	0.13	0	9.5	5	0
20	0.38	0.25	65	5	1
20	0.25	0	34	5	1
20	0.38	0	18	5	1
20	0.38	0	34	5	1
20	0.13	0.5	5	5	0
20	0.38	0	18	5	1
20	0.13	0	9.5	5	0
20	0.13	0	34	5	1
20	0.25	0	9.5	5	0
20	0.25	0	5	5	0
20	0.25	0	65	5	1
20	0.38	0.25	34	5	1
20	0.13	0.5	34	5	0
20	0.38	0.75	65	5	1
20	0.38	0	18	5	1
20	0.38	0.75	18	5	0
20	0.13	0.5	18	5	0
20	0.25	0.5	9.5	5	0
20	0.38	0.75	18	5	0
20	0.38	0.25	65	5	1
20	0.25	0.75	18	5	0
20	0.13	0.25	18	5	0
20	0.13	0.25	5	5	0
20	0.13	0	18	5	0
20	0.25	0.25	9.5	5	1
20	0.13	0	34	5	0
20	0.38	0.25	9.5	5	1
20	0.25	0	34	5	1
20	0.38	0	65	5	1
20	0.13	0.5	5	5	0
20	0.25	0.25	9.5	5	1
20	0.25	0	34	5	1
20	0.13	0	5	5	0
20	0.13	0.5	65	5	0
20	0.13	0	5	5	0
20	0.25	0.25	34	5	1
20	0.25	0	5	5	0
20	0.38	0	65	5	1
20	0.25	0.75	65	5	0
20	0.25	0	9.5	5	0
20	0.13	0	5	5	1
20	0.13	0.25	18	5	0
20	0.25	0	65	5	1
20	0.38	0.5	18	5	0
20	0.13	0.5	9.5	5	0
20	0.25	0.5	5	5	0
20	0.25	0	34	5	1
20	0.38	0	5	5	1
20	0.25	0	18	5	0
20	0.13	0.75	9.5	5	0
20	0.13	0.25	18	5	1
20	0.13	0.25	65	5	0
20	0.25	0	34	5	1
20	0.25	0.75	9.5	5	0
20	0.38	0	65	5	1
20	0.13	0.25	5	5	0
20	0.13	0.25	5	5	0
20	0.38	0.5	65	5	1
20	0.38	0.75	5	5	0
20	0.38	0	65	5	1
20	0.13	0.5	5	5	0
20	0.13	0	34	5	0
20	0.13	0.25	18	5	1
20	0.38	0.25	65	5	1
20	0.13	0.75	65	5	0
20	0.25	0.75	9.5	5	0
20	0.13	0.75	18	5	0
20	0.13	0	9.5	5	0
20	0.13	0	34	5	1
20	0.25	0	5	5	0
20	0.38	0	34	5	1
20	0.38	0.75	65	5	0
20	0.13	0	65	5	1
20	0.25	0.75	34	5	0
20	0.38	0	5	5	1
20	0.13	0.5	65	5	0
20	0.25	0	9.5	5	1
20	0.25	0	18	5	1
20	0.25	0.5	18	5	0
20	0.25	0.5	9.5	5	0
20	0.25	0	65	5	1
20	0.38	0.25	18	5	1
20	0.13	0	18	5	1
20	0.13	0	18	5	0
20	0.38	0	5	5	0
20	0.38	0.75	34	5	0
20	0.38	0.5	65	5	1
20	0.13	0.25	9.5	5	1
20	0.25	0.5	34	5	0
20	0.13	0.75	5	5	0
20	0.38	0.25	5	5	0
20	0.38	0.5	5	5	0
20	0.38	0	9.5	5	0
20	0.13	0.5	9.5	5	0
20	0.38	0.75	5	5	0
20	0.25	0.75	65	5	0
20	0.25	0	34	5	1
20	0.38	0	18	5	1
20	0.25	0.25	18	5	0
20	0.38	0.25	5	5	0
20	0.38	0	18	5	1
20	0.13	0	5	5	0
20	0.25	0.25	65	5	1
20	0.25	0.5	9.5	5	0
20	0.38	0	5	5	1
20	0.38	0.5	65	5	1
20	0.38	0	5	5	1
20	0.25	0	9.5	5	1
20	0.25	0	5	5	0
20	0.38	0	9.5	5	0
20	0.13	0	65	5	1
20	0.25	0.5	18	5	1
20	0.13	0.5	18	5	0
20	0.25	0	9.5	5	1
20	0.13	0	34	5	0
20	0.25	0	18	5	1
20	0.13	0	5	5	0
20	0.13	0	9.5	5	0
20	0.13	0	34	5	0
20	0.38	0	9.5	5	1
20	0.25	0.75	18	5	0
20	0.25	0	5	5	0
20	0.13	0.75	9.5	5	0
20	0.13	0	34	5	0
20	0.13	0	5	5	0
20	0.38	0	5	5	0
20	0.13	0	65	5	1
20	0.13	0.75	5	5	0
20	0.25	0.25	34	5	1
20	0.25	0	9.5	5	0
20	0.25	0.75	18	5	0
20	0.13	0.75	65	5	0
20	0.25	0	18	5	0
20	0.25	0.5	5	5	0
20	0.38	0	34	5	1
20	0.38	0.25	9.5	5	0
20	0.25	0.75	18	5	0
20	0.13	0.75	9.5	5	0
20	0.25	0	34	5	1
20	0.13	0.5	18	5	0
20	0.13	0.25	18	5	0
20	0.38	0	5	5	0
20	0.38	0.25	34	5	1
20	0.38	0.25	9.5	5	1
20	0.25	0	65	5	1
20	0.13	0.5	34	5	0
20	0.13	0.75	65	5	0
20	0.38	0	65	5	1
20	0.25	0.25	9.5	5	1
20	0.25	0	9.5	5	1
20	0.25	0	9.5	5	0
20	0.38	0	34	5	1
20	0.25	0.25	18	5	0
20	0.13	0.75	34	5	0
20	0.38	0	9.5	5	1
20	0.25	0.5	34	5	0
20	0.38	0.75	9.5	5	0
20	0.25	0	18	5	1
20	0.25	0.5	5	5	0
21	0.38	0.5	5	5	1
21	0.13	0.5	5	5	0
21	0.38	0.25	5	5	0
21	0.25	0	9.5	5	0
21	0.13	0.25	5	5	0
21	0.38	0.5	65	5	1
21	0.13	0	34	5	1
21	0.25	0.75	5	5	0
21	0.25	0	34	5	1
21	0.13	0.75	34	5	0
21	0.38	0	9.5	5	1
21	0.13	0.75	5	5	0
21	0.38	0	9.5	5	1
21	0.13	0	34	5	1
21	0.38	0.25	5	5	0
21	0.38	0	9.5	5	1
21	0.38	0	9.5	5	1
21	0.38	0	65	5	1
21	0.25	0.25	18	5	0
21	0.38	0.75	18	5	0
21	0.38	0	9.5	5	0
21	0.25	0	34	5	0
21	0.25	0	5	5	0
21	0.25	0	9.5	5	1
21	0.25	0	5	5	1
21	0.13	0.75	34	5	0
21	0.38	0	65	5	1
21	0.25	0	65	5	1
21	0.38	0	9.5	5	0
21	0.13	0.75	34	5	0
21	0.38	0	9.5	5	1
21	0.13	0.5	65	5	0
21	0.13	0	65	5	1
21	0.13	0.25	18	5	0
21	0.38	0.5	65	5	1
21	0.25	0.25	9.5	5	0
21	0.38	0	34	5	1
21	0.13	0	34	5	0
21	0.38	0	9.5	5	1
21	0.13	0.75	34	5	0
21	0.38	0.25	65	5	1
21	0.25	0	34	5	1
21	0.38	0.5	18	5	0
21	0.13	0.5	34	5	0
21	0.25	0.75	5	5	0
21	0.38	0	34	5	1
21	0.25	0.5	5	5	0
21	0.38	0	18	5	1
21	0.25	0.5	65	5	0
21	0.13	0	18	5	0
21	0.38	0	34	5	1
21	0.13	0	9.5	5	0
21	0.13	0	34	5	1
21	0.38	0.75	18	5	1
21	0.38	0	9.5	5	0
21	0.13	0	65	5	1
21	0.38	0	34	5	1
21	0.25	0	9.5	5	1
21	0.13	0.5	65	5	0
21	0.38	0.75	5	5	0
21	0.25	0.25	65	5	1
21	0.25	0	5	5	0
21	0.38	0.75	18	5	0
21	0.38	0.75	65	5	0
21	0.25	0.25	5	5	0
21	0.13	0.5	65	5	0
21	0.38	0	65	5	1
21	0.25	0	18	5	1
21	0.38	0.75	18	5	0
21	0.38	0	9.5	5	0
21	0.13	0.75	65	5	0
21	0.25	0	9.5	5	0
21	0.13	0.75	34	5	0
21	0.13	0	34	5	1
21	0.13	0	18	5	0
21	0.13	0	9.5	5	0
21	0.13	0.75	5	5	0
21	0.38	0.5	9.5	5	1
21	0.38	0.25	65	5	0
21	0.38	0.25	9.5	5	0
21	0.13	0	5	5	0
21	0.25	0.25	5	5	0
21	0.38	0	34	5	1
21	0.13	0	5	5	1
21	0.25	0.75	18	5	0
21	0.13	0	9.5	5	0
21	0.13	0.5	18	5	0
21	0.13	0.5	5	5	0
21	0.25	0.5	5	5	0
21	0.25	0	9.5	5	0
21	0.25	0	9.5	5	0
21	0.25	0.5	18	5	1
21	0.25	0	65	5	1
21	0.25	0	34	5	0
21	0.25	0.5	18	5	1
21	0.13	0	34	5	0
21	0.38	0	9.5	5	1
21	0.13	0.5	18	5	0
21	0.13	0	18	5	0
21	0.25	0.75	18	5	0
21	0.38	0	34	5	1
21	0.13	0.25	34	5	0
21	0.25	0.25	9.5	5	0
21	0.13	0	34	5	0
21	0.13	0	5	5	0
21	0.13	0	65	5	1
21	0.38	0.5	18	5	0
21	0.25	0	5	5	0
21	0.38	0	5	5	1
21	0.38	0	65	5	1
21	0.38	0.75	9.5	5	0
21	0.13	0.5	65	5	0
21	0.25	0	65	5	0
21	0.13	0.25	34	5	0
21	0.25	0	18	5	0
21	0.25	0.25	65	5	0
21	0.25	0.5	65	5	0
21	0.13	0.25	34	5	0
21	0.25	0	5	5	0
21	0.25	0.75	5	5	1
21	0.38	0	34	5	1
21	0.25	0.75	5	5	0
21	0.25	0.5	5	5	0
21	0.38	0	18	5	0
21	0.38	0.25	34	5	1
21	0.25	0	9.5	5	0
21	0.25	0	5	5	0
21	0.25	0.25	18	5	0
21	0.38	0.25	18	5	1
21	0.38	0.5	5	5	0
21	0.25	0.5	18	5	1
21	0.25	0	18	5	1
21	0.13	0	18	5	0
21	0.38	0	65	5	1
21	0.38	0	18	5	0
21	0.13	0	34	5	0
21	0.25	0	18	5	0
21	0.13	0	18	5	0
21	0.38	0.75	65	5	0
21	0.13	0	34	5	1
21	0.38	0.25	18	5	0
21	0.38	0	9.5	5	1
21	0.25	0.5	65	5	0
21	0.13	0	65	5	0
21	0.13	0	65	5	0
21	0.38	0.75	9.5	5	0
21	0.13	0.25	18	5	0
21	0.13	0	34	5	1
21	0.13	0	9.5	5	0
21	0.25	0	9.5	5	0
21	0.25	0	34	5	1
21	0.25	0.25	9.5	5	0
21	0.38	0.75	18	5	0
21	0.25	0	34	5	1
21	0.13	0.25	5	5	0
21	0.13	0	65	5	0
21	0.13	0.25	5	5	0
21	0.25	0.25	65	5	1
21	0.25	0.5	5	5	0
21	0.38	0	18	5	1
21	0.13	0	5	5	0
21	0.25	0	9.5	5	0
21	0.38	0.75	18	5	0
21	0.25	0	9.5	5	1
21	0.13	0.5	5	5	0
21	0.13	0.75	18	5	0
21	0.25	0.25	5	5	0
21	0.25	0.25	18	5	0
21	0.13	0	65	5	0
21	0.13	0.25	65	5	0
21	0.38	0.5	34	5	1
21	0.38	0.75	9.5	5	0
21	0.38	0.75	65	5	0
21	0.13	0.5	65	5	0
21	0.38	0.25	34	5	1
21	0.25	0	9.5	5	0
21	0.25	0.75	9.5	5	0
21	0.25	0	65	5	1
21	0.38	0.5	34	5	0
21	0.13	0.75	5	5	0
22	0.38	0	18	5	0
22	0.25	0.25	65	5	1
22	0.38	0.5	9.5	5	1
22	0.25	0.25	5	5	0
22	0.38	0.75	34	5	1
22	0.13	0.25	5	5	0
22	0.38	0.25	9.5	5	0
22	0.25	0	18	5	0
22	0.13	0.25	34	5	0
22	0.38	0.25	34	5	1
22	0.38	0.25	65	5	1
22	0.25	0	34	5	1
22	0.13	0	34	5	1
22	0.38	0	9.5	5	1
22	0.38	0.25	9.5	5	0
22	0.13	0.75	5	5	0
22	0.25	0.5	65	5	0
22	0.25	0	18	5	0
22	0.25	0	65	5	1
22	0.38	0	5	5	0
22	0.25	0	34	5	1
22	0.38	0.5	18	5	1
22	0.25	0.25	65	5	1
22	0.25	0.5	18	5	0
22	0.25	0.25	18	5	0
22	0.38	0	65	5	1
22	0.13	0.75	5	5	0
22	0.13	0.5	65	5	0
22	0.13	0	9.5	5	0
22	0.13	0.5	5	5	0
22	0.13	0	9.5	5	0
22	0.25	0	18	5	0
22	0.25	0	9.5	5	0
22	0.38	0.5	34	5	1
22	0.38	0	34	5	1
22	0.38	0	18	5	1
22	0.13	0.5	18	5	0
22	0.13	0	65	5	0
22	0.13	0.25	5	5	0
22	0.13	0.5	5	5	0
22	0.38	0	9.5	5	0
22	0.38	0	5	5	0
22	0.25	0	9.5	5	0
22	0.25	0	9.5	5	0
22	0.38	0.5	9.5	5	0
22	0.25	0	9.5	5	1
22	0.25	0.75	18	5	0
22	0.38	0	5	5	1
22	0.13	0.5	5	5	0
22	0.25	0.5	5	5	0
22	0.25	0.5	65	5	1
22	0.38	0	5	5	0
22	0.38	0	34	5	1
22	0.38	0	5	5	0
22	0.25	0	9.5	5	0
22	0.13	0.75	65	5	0
22	0.38	0	18	5	1
22	0.38	0	65	5	1
22	0.13	0	18	5	0
22	0.38	0.5	18	5	1
22	0.25	0.5	5	5	0
22	0.13	0.75	34	5	0
22	0.38	0.5	9.5	5	1
22	0.38	0	65	5	1
22	0.38	0	5	5	1
22	0.25	0	5	5	0
22	0.13	0.75	34	5	0
22	0.38	0	65	5	1
22	0.25	0	65	5	1
22	0.13	0.5	34	5	0
22	0.38	0	34	5	1
22	0.38	0.75	9.5	5	1
22	0.13	0.25	34	5	0
22	0.25	0.25	65	5	0
22	0.25	0	18	5	1
22	0.13	0	5	5	0
22	0.38	0.75	9.5	5	0
22	0.25	0.25	18	5	0
22	0.25	0	65	5	0
22	0.25	0	5	5	0
22	0.25	0	65	5	1
22	0.13	0	34	5	0
22	0.13	0.75	18	5	0
22	0.25	0	34	5	1
22	0.13	0.75	34	5	0
22	0.25	0	34	5	1
22	0.25	0	18	5	1
22	0.13	0	9.5	5	1
22	0.38	0.75	9.5	5	1
22	0.13	0.25	34	5	0
22	0.38	0.75	18	5	1
22	0.13	0.75	9.5	5	1
22	0.38	0	34	5	1
22	0.38	0	65	5	1
22	0.13	0.75	5	5	0
22	0.13	0.75	34	5	0
22	0.38	0	9.5	5	1
22	0.25	0.5	5	5	0
22	0.13	0	65	5	0
22	0.25	0	34	5	1
22	0.25	0.75	5	5	0
22	0.25	0.25	34	5	1
22	0.25	0	18	5	0
22	0.38	0.5	9.5	5	0
22	0.25	0	34	5	1
22	0.38	0.5	9.5	5	0
22	0.38	0	34	5	1
22	0.25	0	18	5	0
22	0.13	0.75	18	5	0
22	0.25	0.75	9.5	5	0
22	0.13	0.25	65	5	1
22	0.38	0	34	5	1
22	0.13	0	34	5	1
22	0.25	0	65	5	1
22	0.13	0	65	5	0
22	0.38	0.75	18	5	1
22	0.25	0	9.5	5	0
22	0.38	0	65	5	1
22	0.13	0	18	5	0
22	0.13	0.5	5	5	0
22	0.38	0.25	9.5	5	0
22	0.38	0.5	34	5	1
22	0.25	0.25	65	5	0
22	0.13	0	9.5	5	0
22	0.38	0	18	5	0
22	0.25	0.25	5	5	0
22	0.13	0	5	5	0
22	0.25	0.25	9.5	5	0
22	0.13	0	65	5	1
22	0.25	0	5	5	0
22	0.25	0.75	65	5	0
22	0.13	0	18	5	0
22	0.38	0.25	34	5	0
22	0.25	0.75	9.5	5	0
22	0.13	0	34	5	0
22	0.38	0	5	5	0
22	0.25	0.75	5	5	0
22	0.25	0	5	5	0
22	0.38	0	9.5	5	1
22	0.13	0.75	65	5	0
22	0.13	0.75	5	5	0
22	0.25	0	65	5	1
22	0.38	0	5	5	0
22	0.13	0.5	34	5	0
22	0.13	0	18	5	0
22	0.13	0.5	18	5	0
22	0.38	0	18	5	1
22	0.38	0	5	5	0
22	0.38	0	34	5	1
22	0.38	0.75	18	5	1
22	0.13	0.5	65	5	0
22	0.13	0.75	5	5	0
22	0.25	0.25	9.5	5	0
22	0.38	0.75	9.5	5	0
22	0.13	0.5	65	5	0
22	0.13	0.5	9.5	5	0
22	0.38	0	9.5	5	1
22	0.25	0.25	9.5	5	1
22	0.25	0.75	9.5	5	0
22	0.38	0.5	34	5	0
22	0.13	0.75	65	5	0
22	0.25	0.25	5	5	0
22	0.13	0.25	65	5	0
22	0.13	0	18	5	0
22	0.25	0.25	65	5	1
22	0.13	0	34	5	1
22	0.13	0.25	34	5	0
22	0.38	0.25	5	5	0
22	0.13	0	65	5	1
22	0.25	0	9.5	5	0
22	0.25	0	18	5	1
22	0.38	0	65	5	1
22	0.13	0.5	18	5	0
22	0.13	0	65	5	0
22	0.13	0.25	18	5	0
22	0.13	0	5	5	0
22	0.38	0	34	5	1
22	0.25	0	18	5	1
22	0.38	0.5	18	5	0
22	0.25	0	18	5	1
23	0.13	0	34	5	1
23	0.13	0.5	34	5	0
23	0.38	0.5	5	5	0
23	0.25	0	5	5	0
23	0.38	0.25	5	5	1
23	0.38	0.5	5	5	1
23	0.25	0.25	34	5	1
23	0.13	0	65	5	1
23	0.13	0.25	5	5	0
23	0.13	0	18	5	0
23	0.25	0	18	5	1
23	0.38	0	34	5	1
23	0.13	0.5	18	5	0
23	0.13	0	65	5	1
23	0.25	0	9.5	5	1
23	0.13	0.25	65	5	1
23	0.38	0.5	9.5	5	0
23	0.13	0	18	5	1
23	0.38	0.25	65	5	1
23	0.38	0.5	18	5	1
23	0.13	0	18	5	1
23	0.13	0	5	5	0
23	0.13	0.75	65	5	0
23	0.25	0.5	9.5	5	1
23	0.38	0	5	5	0
23	0.38	0	18	5	1
23	0.13	0	9.5	5	0
23	0.25	0	65	5	1
23	0.13	0.75	9.5	5	0
23	0.25	0.25	65	5	1
23	0.25	0	5	5	0
23	0.38	0	65	5	1
23	0.13	0	9.5	5	0
23	0.13	0.25	18	5	0
23	0.13	0.75	9.5	5	0
23	0.13	0.5	9.5	5	0
23	0.38	0.75	65	5	1
23	0.25	0	5	5	0
23	0.38	0.5	9.5	5	1
23	0.13	0.75	9.5	5	0
23	0.13	0	5	5	0
23	0.13	0	18	5	0
23	0.38	0	5	5	1
23	0.13	0.5	34	5	0
23	0.13	0.75	34	5	0
23	0.25	0	34	5	1
23	0.38	0.75	9.5	5	1
23	0.25	0	34	5	1
23	0.25	0.5	5	5	1
23	0.13	0.25	34	5	0
23	0.25	0.5	9.5	5	0
23	0.25	0.75	65	5	0
23	0.25	0	34	5	1
23	0.38	0.75	18	5	0
23	0.25	0	34	5	1
23	0.25	0.5	18	5	0
23	0.25	0.75	18	5	0
23	0.13	0.5	34	5	0
23	0.13	0.75	34	5	0
23	0.25	0	9.5	5	0
23	0.25	0.75	34	5	0
23	0.38	0.5	18	5	1
23	0.38	0.75	34	5	1
23	0.38	0	9.5	5	0
23	0.13	0.5	5	5	0
23	0.38	0.25	5	5	1
23	0.38	0	18	5	1
23	0.38	0.75	5	5	1
23	0.25	0.5	18	5	0
23	0.25	0.25	5	5	0
23	0.25	0	65	5	1
23	0.25	0	9.5	5	0
23	0.13	0	5	5	0
23	0.13	0	34	5	1
23	0.13	0	5	5	0
23	0.13	0.25	34	5	0
23	0.25	0.75	5	5	0
23	0.13	0.5	34	5	0
23	0.38	0	34	5	1
23	0.13	0.5	65	5	0
23	0.38	0	65	5	1
23	0.38	0	5	5	0
23	0.38	0	9.5	5	1
23	0.38	0	34	5	1
23	0.38	0.75	65	5	1
23	0.38	0.25	18	5	1
23	0.38	0.5	34	5	1
23	0.38	0.25	65	5	1
23	0.38	0	65	5	1
23	0.25	0.75	5	5	0
23	0.38	0.25	9.5	5	0
23	0.38	0	65	5	1
23	0.13	0	18	5	1
23	0.38	0.25	34	5	1
23	0.38	0.25	34	5	1
23	0.38	0	18	5	1
23	0.25	0	65	5	1
23	0.38	0.25	65	5	1
23	0.13	0.25	9.5	5	1
23	0.13	0.75	5	5	0
23	0.25	0	9.5	5	1
23	0.38	0.25	9.5	5	1
23	0.13	0.75	9.5	5	0
23	0.13	0.75	5	5	0
23	0.13	0.25	34	5	0
23	0.38	0	65	5	1
23	0.13	0	65	5	1
23	0.38	0	34	5	1
23	0.38	0	18	5	1
23	0.13	0	18	5	0
23	0.25	0	65	5	1
23	0.25	0	34	5	1
23	0.25	0.25	65	5	1
23	0.38	0.75	34	5	1
23	0.25	0.75	65	5	0
23	0.25	0	18	5	1
23	0.13	0.75	5	5	0
23	0.38	0.5	9.5	5	0
23	0.13	0.25	34	5	0
23	0.25	0	5	5	0
23	0.25	0	34	5	1
23	0.25	0	34	5	1
23	0.38	0	9.5	5	1
23	0.25	0	18	5	1
23	0.38	0	34	5	1
23	0.38	0	5	5	0
23	0.13	0	18	5	1
23	0.25	0.75	34	5	0
23	0.25	0.75	9.5	5	0
23	0.13	0.5	18	5	0
23	0.25	0	18	5	1
23	0.13	0.5	5	5	0
23	0.25	0.75	65	5	0
23	0.38	0.75	9.5	5	0
23	0.13	0.25	9.5	5	0
23	0.25	0	9.5	5	0
23	0.13	0.75	5	5	0
23	0.38	0	5	5	0
23	0.25	0.75	65	5	0
23	0.25	0.5	9.5	5	1
23	0.13	0	5	5	0
23	0.13	0.25	65	5	0
23	0.25	0.25	18	5	1
23	0.25	0	18	5	1
23	0.25	0	65	5	1
23	0.13	0.25	5	5	0
23	0.25	0	5	5	0
23	0.38	0	65	5	1
23	0.13	0.25	5	5	0
23	0.25	0.5	65	5	1
23	0.38	0	18	5	1
23	0.13	0	18	5	1
23	0.25	0	18	5	1
23	0.25	0	65	5	1
23	0.25	0	34	5	1
23	0.38	0	65	5	1
23	0.25	0	9.5	5	1
23	0.38	0.5	18	5	0
23	0.38	0	34	5	1
23	0.38	0	9.5	5	1
23	0.38	0	18	5	1
23	0.13	0	65	5	1
23	0.13	0.25	5	5	0
23	0.25	0.5	5	5	1
23	0.25	0	65	5	1
23	0.38	0	9.5	5	1
23	0.13	0.5	9.5	5	0
23	0.13	0	9.5	5	1
23	0.38	0.25	9.5	5	1
23	0.25	0	34	5	1
23	0.38	0	18	5	1
23	0.25	0.75	65	5	0
23	0.38	0.5	9.5	5	0
23	0.25	0	34	5	1
23	0.13	0	5	5	0
23	0.25	0	18	5	1
23	0.13	0.25	18	5	0
23	0.25	0	65	5	1
23	0.38	0	18	5	1
23	0.13	0.5	9.5	5	0
24	0.13	0	9.5	5	1
24	0.13	0.75	5	5	0
24	0.38	0.75	9.5	5	0
24	0.38	0.5	18	5	0
24	0.13	0.5	5	5	0
24	0.25	0.25	9.5	5	0
24	0.25	0.25	34	5	0
24	0.25	0	65	5	1
24	0.13	0.5	65	5	0
24	0.25	0	18	5	1
24	0.25	0	9.5	5	0
24	0.38	0.25	5	5	0
24	0.38	0	34	5	1
24	0.13	0	18	5	1
24	0.38	0.75	9.5	5	0
24	0.13	0	65	5	1
24	0.25	0.25	9.5	5	0
24	0.25	0.75	18	5	0
24	0.25	0	5	5	0
24	0.13	0.25	34	5	0
24	0.25	0.5	34	5	0
24	0.25	0.5	18	5	0
24	0.38	0	18	5	1
24	0.13	0.5	18	5	0
24	0.25	0.75	5	5	0
24	0.13	0	9.5	5	0
24	0.38	0.25	9.5	5	0
24	0.25	0.25	34	5	0
24	0.13	0	5	5	0
24	0.38	0.5	65	5	1
24	0.25	0.25	9.5	5	0
24	0.38	0	9.5	5	1
24	0.13	0.25	9.5	5	0
24	0.25	0.75	34	5	0
24	0.13	0	34	5	1
24	0.25	0	65	5	1
24	0.13	0.5	18	5	0
24	0.25	0	18	5	1
24	0.38	0	65	5	1
24	0.25	0.75	65	5	0
24	0.38	0	65	5	1
24	0.38	0.25	5	5	0
24	0.13	0	65	5	1
24	0.13	0	65	5	1
24	0.25	0.75	5	5	0
24	0.25	0.5	9.5	5	0
24	0.25	0	18	5	1
24	0.13	0.5	5	5	0
24	0.13	0	18	5	0
24	0.38	0	18	5	1
24	0.25	0	34	5	1
24	0.38	0	65	5	1
24	0.38	0	18	5	1
24	0.38	0.5	65	5	1
24	0.25	0	34	5	1
24	0.25	0	5	5	0
24	0.13	0.25	5	5	0
24	0.13	0	34	5	0
24	0.25	0	9.5	5	0
24	0.13	0.25	34	5	0
24	0.25	0	65	5	1
24	0.25	0.75	34	5	0
24	0.38	0.75	5	5	1
24	0.38	0.75	65	5	0
24	0.38	0	9.5	5	1
24	0.13	0.25	9.5	5	0
24	0.25	0.5	65	5	0
24	0.13	0	18	5	0
24	0.13	0.25	34	5	1
24	0.38	0.25	9.5	5	0
24	0.13	0	5	5	0
24	0.38	0	18	5	1
24	0.13	0.5	34	5	0
24	0.38	0	9.5	5	0
24	0.38	0	18	5	1
24	0.38	0	9.5	5	0
24	0.38	0	34	5	1
24	0.38	0	9.5	5	1
24	0.38	0	65	5	1
24	0.25	0	5	5	0
24	0.38	0.5	18	5	1
24	0.25	0	9.5	5	0
24	0.25	0.5	65	5	0
24	0.25	0	9.5	5	1
24	0.13	0	65	5	1
24	0.13	0.75	65	5	0
24	0.38	0.75	18	5	0
24	0.13	0	34	5	0
24	0.25	0	65	5	1
24	0.25	0	34	5	0
24	0.38	0.5	9.5	5	0
24	0.13	0.25	9.5	5	0
24	0.38	0	5	5	0
24	0.13	0	18	5	0
24	0.13	0.75	9.5	5	0
24	0.25	0	34	5	1
24	0.25	0	65	5	1
24	0.38	0.5	9.5	5	0
24	0.38	0	65	5	1
24	0.13	0	5	5	0
24	0.25	0	9.5	5	0
24	0.25	0.75	34	5	0
24	0.25	0	9.5	5	1
24	0.13	0.75	18	5	0
24	0.38	0.25	5	5	1
24	0.25	0	9.5	5	0
24	0.13	0.5	18	5	0
24	0.38	0.5	5	5	0
24	0.13	0.25	5	5	0
24	0.25	0.25	65	5	1
24	0.38	0	9.5	5	1
24	0.13	0	65	5	1
24	0.38	0	65	5	1
24	0.13	0.25	65	5	0
24	0.25	0.25	18	5	0
24	0.13	0	18	5	1
24	0.38	0.75	5	5	0
24	0.13	0	34	5	1
24	0.38	0	5	5	0
24	0.38	0	5	5	0
24	0.13	0	34	5	0
24	0.38	0.75	18	5	0
24	0.25	0	9.5	5	0
24	0.13	0.25	34	5	0
24	0.25	0.25	65	5	1
24	0.13	0	18	5	0
24	0.38	0.25	18	5	1
24	0.25	0.75	5	5	0
24	0.13	0.75	5	5	0
24	0.13	0.75	9.5	5	0
24	0.25	0.5	65	5	0
24	0.13	0	18	5	1
24	0.38	0	9.5	5	1
24	0.25	0.75	9.5	5	0
24	0.13	0.5	9.5	5	0
24	0.13	0	34	5	0
24	0.25	0	5	5	0
24	0.13	0	18	5	0
24	0.13	0	65	5	1
24	0.38	0	18	5	1
24	0.25	0.5	5	5	0
24	0.25	0	65	5	1
24	0.25	0.75	5	5	0
24	0.13	0.25	34	5	0
24	0.38	0.25	5	5	0
24	0.13	0.25	34	5	0
24	0.13	0.25	65	5	1
24	0.13	0	18	5	0
24	0.38	0.5	18	5	0
24	0.38	0	5	5	0
24	0.13	0.75	65	5	0
24	0.13	0.5	34	5	0
24	0.25	0	18	5	1
24	0.13	0.75	34	5	0
24	0.38	0.25	9.5	5	0
24	0.25	0.5	65	5	0
24	0.13	0	65	5	1
24	0.38	0	34	5	1
24	0.25	0.75	34	5	0
24	0.13	0	5	5	1
24	0.38	0.5	34	5	0
24	0.13	0.5	34	5	0
24	0.38	0.75	65	5	0
24	0.38	0	5	5	1
24	0.25	0.5	18	5	0
24	0.25	0	34	5	1
24	0.38	0	5	5	1
24	0.38	0.75	18	5	0
24	0.38	0.25	5	5	0
24	0.13	0	18	5	0
24	0.38	0	34	5	1
24	0.25	0	18	5	1
24	0.25	0	5	5	0
24	0.38	0.75	5	5	0
24	0.38	0	5	5	1
24	0.25	0.5	34	5	0
24	0.38	0	65	5	1
24	0.25	0	9.5	5	0
24	0.25	0.75	34	5	0
24	0.38	0.5	34	5	1
25	0.38	0	5	5	1
25	0.13	0	65	5	1
25	0.25	0.25	5	5	0
25	0.13	0.75	34	5	0
25	0.13	0	65	5	1
25	0.25	0.75	34	5	0
25	0.13	0	34	5	0
25	0.13	0.5	34	5	0
25	0.25	0	18	5	0
25	0.25	0.25	18	5	0
25	0.25	0.25	18	5	0
25	0.38	0.75	34	5	1
25	0.38	0.5	9.5	5	1
25	0.25	0	65	5	1
25	0.13	0	9.5	5	0
25	0.25	0	65	5	1
25	0.25	0	18	5	0
25	0.25	0	65	5	1
25	0.38	0.25	5	5	0
25	0.38	0	34	5	1
25	0.38	0	5	5	1
25	0.25	0	5	5	0
25	0.25	0.25	34	5	0
25	0.25	0.25	5	5	0
25	0.38	0.5	9.5	5	0
25	0.13	0.5	65	5	0
25	0.25	0	65	5	0
25	0.25	0	34	5	1
25	0.38	0.75	5	5	0
25	0.25	0.5	9.5	5	0
25	0.13	0.75	9.5	5	0
25	0.38	0	34	5	1
25	0.13	0.25	65	5	0
25	0.38	0.25	18	5	0
25	0.13	0.5	34	5	0
25	0.25	0.75	9.5	5	0
25	0.25	0	5	5	0
25	0.25	0.75	65	5	0
25	0.25	0	5	5	0
25	0.38	0	5	5	0
25	0.25	0.5	9.5	5	0
25	0.38	0.25	65	5	1
25	0.25	0.5	9.5	5	0
25	0.25	0	9.5	5	0
25	0.25	0	5	5	1
25	0.38	0.5	9.5	5	0
25	0.38	0	34	5	1
25	0.13	0	9.5	5	0
25	0.38	0	9.5	5	0
25	0.38	0	5	5	0
25	0.25	0.75	18	5	0
25	0.25	0.25	9.5	5	0
25	0.38	0	18	5	1
25	0.38	0	34	5	0
25	0.25	0.5	9.5	5	0
25	0.38	0.75	65	5	0
25	0.38	0	65	5	1
25	0.13	0	65	5	1
25	0.13	0.25	18	5	0
25	0.38	0	18	5	0
25	0.13	0	34	5	0
25	0.25	0.25	18	5	0
25	0.25	0	34	5	1
25	0.25	0	18	5	0
25	0.25	0	34	5	1
25	0.13	0.25	5	5	0
25	0.13	0.75	5	5	0
25	0.13	0	65	5	1
25	0.25	0.75	65	5	0
25	0.38	0	34	5	1
25	0.13	0.5	18	5	0
25	0.13	0.5	34	5	0
25	0.38	0.25	18	5	1
25	0.13	0	18	5	0
25	0.38	0	18	5	1
25	0.13	0	18	5	0
25	0.25	0.75	65	5	0
25	0.38	0.75	65	5	0
25	0.25	0	9.5	5	0
25	0.13	0.5	5	5	0
25	0.25	0.25	9.5	5	0
25	0.38	0	9.5	5	0
25	0.25	0.25	65	5	1
25	0.25	0.25	34	5	0
25	0.13	0	34	5	0
25	0.13	0.5	65	5	0
25	0.13	0.5	65	5	0
25	0.13	0	18	5	0
25	0.38	0	34	5	1
25	0.13	0	34	5	0
25	0.13	0	18	5	0
25	0.25	0	18	5	0
25	0.38	0	5	5	1
25	0.13	0.75	5	5	0
25	0.13	0.75	34	5	0
25	0.25	0.25	5	5	0
25	0.25	0.75	5	5	0
25	0.13	0.5	18	5	0
25	0.25	0.75	34	5	0
25	0.13	0.75	9.5	5	0
25	0.38	0	18	5	1
25	0.13	0.75	18	5	0
25	0.38	0	34	5	1
25	0.25	0.75	34	5	0
25	0.13	0.25	9.5	5	0
25	0.13	0	34	5	1
25	0.38	0	18	5	1
25	0.13	0	9.5	5	0
25	0.25	0	18	5	0
25	0.38	0	9.5	5	0
25	0.13	0.25	34	5	0
25	0.38	0	5	5	1
25	0.38	0	5	5	1
25	0.13	0	18	5	0
25	0.38	0	65	5	1
25	0.38	0	5	5	0
25	0.13	0.75	65	5	0
25	0.38	0.5	65	5	0
25	0.38	0.25	34	5	1
25	0.13	0	65	5	1
25	0.25	0.5	9.5	5	0
25	0.13	0	9.5	5	0
25	0.13	0.5	65	5	0
25	0.38	0.75	18	5	0
25	0.13	0	9.5	5	1
25	0.13	0	65	5	0
25	0.38	0	65	5	1
25	0.25	0	65	5	0
25	0.25	0.75	9.5	5	0
25	0.25	0	34	5	1
25	0.13	0	34	5	0
25	0.38	0	9.5	5	1
25	0.38	0	18	5	1
25	0.38	0.5	65	5	0
25	0.13	0	34	5	0
25	0.38	0	9.5	5	1
25	0.13	0	5	5	0
25	0.38	0.5	65	5	0
25	0.25	0.25	18	5	0
25	0.25	0.25	5	5	0
25	0.25	0.25	18	5	0
25	0.25	0.5	65	5	0
25	0.25	0	9.5	5	0
25	0.38	0.25	5	5	0
25	0.25	0	65	5	1
25	0.13	0	5	5	0
25	0.38	0.5	34	5	0
25	0.38	0	9.5	5	0
25	0.25	0	18	5	0
25	0.38	0.75	18	5	0
25	0.25	0.5	18	5	0
25	0.13	0.25	5	5	0
25	0.38	0.25	9.5	5	0
25	0.13	0.25	34	5	0
25	0.13	0.75	65	5	0
25	0.25	0.5	18	5	0
25	0.38	0	5	5	0
25	0.38	0	9.5	5	0
25	0.13	0.5	9.5	5	0
25	0.13	0.25	65	5	1
25	0.38	0.75	65	5	0
25	0.25	0	9.5	5	0
25	0.38	0.75	34	5	0
25	0.13	0	9.5	5	1
25	0.25	0.75	5	5	1
25	0.38	0	18	5	1
25	0.25	0	5	5	0
25	0.38	0.5	9.5	5	0
25	0.38	0	34	5	1
25	0.13	0.25	18	5	0
25	0.38	0.75	5	5	0
25	0.13	0	5	5	0
25	0.38	0	9.5	5	0
25	0.13	0	5	5	0
25	0.25	0.5	65	5	0
25	0.13	0.5	5	5	0
25	0.13	0	18	5	0
25	0.38	0.75	5	5	0
25	0.25	0	5	5	0
25	0.13	0.5	34	5	0
26	0.38	0	18	5	0
26	0.25	0	34	5	0
26	0.25	0	5	5	1
26	0.38	0	34	5	1
26	0.13	0	18	5	0
26	0.25	0.5	65	5	0
26	0.38	0	9.5	5	0
26	0.13	0	5	5	1
26	0.13	0	65	5	0
26	0.38	0	65	5	1
26	0.38	0	34	5	0
26	0.25	0.25	5	5	0
26	0.13	0.75	65	5	0
26	0.25	0	65	5	0
26	0.25	0.5	18	5	0
26	0.25	0.25	34	5	0
26	0.38	0	5	5	0
26	0.38	0.5	9.5	5	1
26	0.25	0	18	5	0
26	0.38	0	5	5	1
26	0.13	0.75	34	5	0
26	0.13	0.5	18	5	1
26	0.38	0	5	5	0
26	0.38	0.75	5	5	0
26	0.13	0.75	9.5	5	0
26	0.25	0	34	5	1
26	0.25	0.5	34	5	0
26	0.13	0	9.5	5	1
26	0.25	0.75	65	5	0
26	0.25	0	34	5	1
26	0.38	0.25	9.5	5	0
26	0.25	0.25	5	5	0
26	0.25	0	18	5	1
26	0.38	0	34	5	0
26	0.25	0.75	34	5	0
26	0.13	0	5	5	1
26	0.25	0.25	65	5	0
26	0.38	0	9.5	5	0
26	0.13	0	34	5	1
26	0.38	0.75	65	5	1
26	0.25	0	9.5	5	1
26	0.13	0.25	5	5	0
26	0.25	0	18	5	0
26	0.13	0.75	65	5	0
26	0.13	0	9.5	5	1
26	0.25	0	18	5	0
26	0.38	0.75	34	5	0
26	0.13	0.25	34	5	0
26	0.13	0.5	5	5	0
26	0.13	0	9.5	5	0
26	0.13	0.25	65	5	0
26	0.38	0	18	5	1
26	0.38	0.25	65	5	0
26	0.13	0.5	65	5	0
26	0.13	0	18	5	0
26	0.25	0	5	5	0
26	0.13	0	65	5	0
26	0.25	0	34	5	0
26	0.25	0	34	5	0
26	0.13	0.5	5	5	0
26	0.13	0.5	65	5	0
26	0.38	0	65	5	1
26	0.25	0	18	5	0
26	0.13	0	9.5	5	0
26	0.25	0	9.5	5	0
26	0.13	0.5	9.5	5	1
26	0.38	0	9.5	5	0
26	0.13	0	65	5	0
26	0.25	0.25	9.5	5	0
26	0.13	0	9.5	5	0
26	0.13	0	5	5	0
26	0.13	0	18	5	0
26	0.13	0.5	18	5	0
26	0.13	0	5	5	0
26	0.13	0	5	5	0
26	0.13	0.75	65	5	0
26	0.25	0	65	5	1
26	0.25	0	34	5	1
26	0.38	0.5	18	5	1
26	0.25	0.5	9.5	5	0
26	0.38	0	9.5	5	1
26	0.38	0	9.5	5	0
26	0.38	0.75	9.5	5	0
26	0.38	0	34	5	0
26	0.13	0	5	5	1
26	0.13	0.5	18	5	0
26	0.25	0	34	5	0
26	0.38	0	65	5	0
26	0.25	0	65	5	1
26	0.25	0.5	34	5	0
26	0.25	0	5	5	0
26	0.38	0.75	9.5	5	1
26	0.25	0.5	9.5	5	0
26	0.25	0.25	34	5	0
26	0.13	0.25	34	5	1
26	0.38	0.75	9.5	5	1
26	0.25	0	5	5	1
26	0.38	0	18	5	1
26	0.25	0.75	65	5	0
26	0.38	0	9.5	5	1
26	0.38	0	18	5	1
26	0.38	0.25	65	5	0
26	0.13	0	5	5	0
26	0.38	0.25	9.5	5	1
26	0.25	0.25	9.5	5	0
26	0.25	0.75	18	5	0
26	0.38	0	34	5	1
26	0.13	0.75	9.5	5	0
26	0.13	0	34	5	0
26	0.25	0.25	65	5	0
26	0.38	0	18	5	1
26	0.38	0.75	65	5	0
26	0.38	0	18	5	0
26	0.25	0.75	5	5	0
26	0.38	0.75	65	5	0
26	0.25	0	65	5	0
26	0.13	0.25	9.5	5	0
26	0.25	0.75	34	5	0
26	0.13	0.5	34	5	0
26	0.25	0.25	5	5	0
26	0.25	0.5	5	5	0
26	0.25	0	5	5	0
26	0.38	0	9.5	5	1
26	0.38	0.5	5	5	0
26	0.38	0.75	18	5	0
26	0.13	0.5	65	5	0
26	0.38	0.25	5	5	0
26	0.25	0.75	9.5	5	0
26	0.38	0.25	5	5	0
26	0.13	0.75	34	5	0
26	0.25	0.25	18	5	0
26	0.13	0	34	5	1
26	0.25	0	34	5	0
26	0.38	0.5	65	5	0
26	0.25	0.25	65	5	1
26	0.38	0.5	65	5	0
26	0.25	0.25	18	5	1
26	0.38	0	34	5	0
26	0.25	0.75	5	5	0
26	0.38	0.75	5	5	1
26	0.13	0.75	5	5	0
26	0.38	0	18	5	1
26	0.38	0.5	18	5	0
26	0.38	0.25	34	5	0
26	0.25	0	34	5	0
26	0.38	0.75	18	5	0
26	0.13	0	5	5	1
26	0.25	0.5	34	5	0
26	0.13	0	18	5	1
26	0.13	0	18	5	0
26	0.13	0.25	5	5	0
26	0.13	0.5	9.5	5	0
26	0.13	0.5	34	5	0
26	0.38	0.75	9.5	5	1
26	0.13	0	9.5	5	0
26	0.13	0.5	5	5	0
26	0.13	0.5	34	5	0
26	0.13	0	18	5	0
26	0.38	0.25	34	5	1
26	0.25	0.75	9.5	5	0
26	0.13	0.25	65	5	1
26	0.13	0	18	5	0
26	0.25	0	5	5	0
26	0.13	0	18	5	0
26	0.13	0.25	65	5	0
26	0.38	0.5	65	5	0
26	0.13	0.5	9.5	5	0
26	0.38	0	18	5	0
26	0.25	0	18	5	1
26	0.25	0.25	9.5	5	0
26	0.38	0	9.5	5	1
26	0.38	0.25	65	5	0
26	0.38	0	5	5	1
26	0.38	0	5	5	1
26	0.25	0	34	5	1
26	0.25	0	18	5	1
26	0.13	0	65	5	0
26	0.38	0	18	5	1
26	0.25	0	18	5	0
26	0.38	0.75	65	5	0
27	0.25	0	9.5	5	0
27	0.13	0.75	34	5	0
27	0.13	0.75	34	5	1
27	0.38	0.75	18	5	0
27	0.38	0.25	18	5	1
27	0.38	0	34	5	1
27	0.25	0	9.5	5	0
27	0.25	0	34	5	1
27	0.13	0	34	5	0
27	0.38	0	9.5	5	1
27	0.38	0	18	5	1
27	0.13	0.5	34	5	0
27	0.25	0	9.5	5	1
27	0.13	0	5	5	0
27	0.25	0.5	18	5	0
27	0.13	0.75	5	5	0
27	0.38	0.5	34	5	1
27	0.13	0.25	18	5	0
27	0.25	0	9.5	5	0
27	0.38	0.25	5	5	0
27	0.25	0.5	9.5	5	1
27	0.38	0.25	18	5	1
27	0.38	0	5	5	0
27	0.13	0.75	65	5	0
27	0.13	0.5	65	5	1
27	0.38	0	34	5	1
27	0.13	0.5	34	5	0
27	0.38	0.75	5	5	0
27	0.38	0.25	5	5	1
27	0.13	0.75	65	5	0
27	0.13	0	18	5	0
27	0.38	0.5	18	5	1
27	0.38	0	34	5	1
27	0.38	0	9.5	5	1
27	0.38	0	65	5	1
27	0.13	0	34	5	0
27	0.38	0	34	5	1
27	0.38	0	65	5	1
27	0.38	0	18	5	1
27	0.25	0	9.5	5	0
27	0.13	0.25	65	5	1
27	0.13	0.75	18	5	0
27	0.25	0	5	5	1
27	0.13	0	9.5	5	0
27	0.38	0.75	18	5	0
27	0.25	0	34	5	1
27	0.13	0	34	5	0
27	0.13	0	18	5	0
27	0.13	0.75	5	5	0
27	0.13	0	18	5	0
27	0.13	0	65	5	0
27	0.38	0.75	34	5	0
27	0.13	0	5	5	0
27	0.38	0.75	65	5	1
27	0.25	0.5	18	5	1
27	0.38	0.75	34	5	1
27	0.13	0.25	65	5	0
27	0.25	0	65	5	1
27	0.38	0.5	5	5	0
27	0.25	0	5	5	0
27	0.38	0.5	65	5	1
27	0.38	0.5	9.5	5	1
27	0.25	0.5	9.5	5	1
27	0.25	0.25	34	5	0
27	0.13	0	5	5	0
27	0.25	0.25	5	5	0
27	0.13	0	9.5	5	0
27	0.13	0	18	5	0
27	0.38	0.75	9.5	5	1
27	0.13	0	9.5	5	0
27	0.13	0	9.5	5	0
27	0.38	0.75	5	5	1
27	0.25	0	5	5	0
27	0.13	0	9.5	5	0
27	0.25	0	9.5	5	0
27	0.38	0.75	65	5	1
27	0.25	0.5	18	5	1
27	0.25	0.5	18	5	0
27	0.25	0	18	5	0
27	0.38	0.25	65	5	1
27	0.13	0.5	34	5	1
27	0.25	0	5	5	0
27	0.38	0	18	5	1
27	0.38	0.5	65	5	1
27	0.13	0.5	5	5	0
27	0.25	0	9.5	5	0
27	0.13	0.25	5	5	0
27	0.13	0.75	65	5	0
27	0.38	0	34	5	1
27	0.38	0.25	65	5	1
27	0.38	0	65	5	1
27	0.13	0	65	5	0
27	0.25	0	9.5	5	1
27	0.13	0.25	34	5	1
27	0.25	0	9.5	5	0
27	0.13	0	65	5	0
27	0.25	0.75	9.5	5	0
27	0.38	0.25	34	5	1
27	0.25	0	65	5	1
27	0.25	0	65	5	1
27	0.25	0	65	5	1
27	0.25	0	65	5	0
27	0.25	0.5	5	5	0
27	0.13	0	5	5	0
27	0.25	0.75	65	5	1
27	0.25	0.25	5	5	0
27	0.25	0.75	18	5	0
27	0.13	0	65	5	1
27	0.13	0.75	34	5	0
27	0.38	0	9.5	5	1
27	0.38	0.5	65	5	1
27	0.25	0	18	5	1
27	0.25	0	9.5	5	1
27	0.13	0	65	5	1
27	0.13	0.75	5	5	0
27	0.25	0	34	5	0
27	0.13	0.25	9.5	5	0
27	0.13	0	5	5	0
27	0.13	0	5	5	0
27	0.25	0	5	5	0
27	0.25	0.25	18	5	1
27	0.38	0.25	9.5	5	1
27	0.38	0	34	5	1
27	0.38	0	34	5	1
27	0.25	0.5	5	5	0
27	0.25	0	18	5	0
27	0.25	0.25	18	5	0
27	0.25	0.25	65	5	1
27	0.38	0	5	5	0
27	0.38	0.75	34	5	1
27	0.25	0.5	65	5	0
27	0.13	0.25	18	5	0
27	0.13	0.25	18	5	0
27	0.38	0.5	9.5	5	1
27	0.38	0	18	5	1
27	0.25	0	18	5	1
27	0.13	0.5	9.5	5	0
27	0.13	0	65	5	1
27	0.25	0.25	5	5	0
27	0.25	0	5	5	0
27	0.38	0	18	5	1
27	0.38	0.75	65	5	1
27	0.13	0.5	9.5	5	0
27	0.13	0	65	5	0
27	0.25	0	9.5	5	0
27	0.38	0	65	5	1
27	0.13	0	9.5	5	0
27	0.38	0	34	5	1
27	0.25	0.5	65	5	1
27	0.25	0.25	65	5	0
27	0.38	0.25	34	5	1
27	0.38	0	34	5	1
27	0.25	0.75	65	5	0
27	0.13	0.5	9.5	5	0
27	0.13	0.5	9.5	5	0
27	0.25	0.25	9.5	5	1
27	0.38	0	18	5	1
27	0.25	0.5	34	5	1
27	0.13	0	9.5	5	0
27	0.13	0	34	5	0
27	0.38	0	34	5	1
27	0.25	0	5	5	0
27	0.38	0.25	18	5	1
27	0.25	0	34	5	0
27	0.13	0.75	18	5	1
27	0.25	0.25	5	5	0
27	0.38	0	34	5	1
27	0.13	0	5	5	0
27	0.38	0.25	18	5	1
27	0.13	0.75	9.5	5	0
27	0.25	0.75	18	5	0
27	0.13	0.75	5	5	0
27	0.38	0.5	34	5	1
27	0.13	0	5	5	0
27	0.25	0	34	5	0
27	0.38	0.5	18	5	1
27	0.38	0.25	5	5	0
27	0.38	0	18	5	0
27	0.25	0.75	5	5	0
27	0.25	0	9.5	5	0
28	0.25	0.25	65	5	0
28	0.25	0.25	34	5	0
28	0.13	0.5	9.5	5	0
28	0.25	0	65	5	1
28	0.38	0	5	5	1
28	0.25	0	65	5	1
28	0.38	0.25	9.5	5	0
28	0.38	0	18	5	1
28	0.25	0.75	5	5	0
28	0.38	0	18	5	1
28	0.38	0.5	5	5	0
28	0.25	0	18	5	0
28	0.25	0	5	5	0
28	0.38	0.25	5	5	0
28	0.25	0	18	5	0
28	0.25	0.25	9.5	5	1
28	0.13	0.5	65	5	0
28	0.38	0.25	65	5	1
28	0.13	0.75	18	5	0
28	0.13	0	18	5	0
28	0.38	0	18	5	1
28	0.25	0.25	18	5	0
28	0.38	0	9.5	5	0
28	0.38	0.5	9.5	5	0
28	0.13	0.5	5	5	0
28	0.38	0.75	34	5	1
28	0.13	0.5	5	5	0
28	0.13	0.25	18	5	0
28	0.13	0	5	5	0
28	0.38	0.75	34	5	0
28	0.38	0.75	34	5	0
28	0.13	0	9.5	5	0
28	0.13	0.25	34	5	0
28	0.38	0	18	5	1
28	0.13	0	18	5	0
28	0.38	0.5	34	5	0
28	0.38	0	65	5	1
28	0.25	0	34	5	1
28	0.38	0	9.5	5	1
28	0.25	0	9.5	5	0
28	0.38	0	5	5	0
28	0.13	0.5	34	5	0
28	0.38	0	9.5	5	1
28	0.25	0	9.5	5	1
28	0.13	0	18	5	0
28	0.38	0	18	5	0
28	0.25	0.75	18	5	1
28	0.38	0	18	5	1
28	0.38	0	34	5	1
28	0.13	0	65	5	0
28	0.25	0.75	65	5	0
28	0.25	0.5	34	5	0
28	0.38	0.75	65	5	0
28	0.38	0.5	9.5	5	1
28	0.13	0	5	5	0
28	0.38	0	65	5	1
28	0.13	0	34	5	0
28	0.25	0.25	5	5	0
28	0.38	0.5	65	5	1
28	0.25	0	65	5	1
28	0.13	0	9.5	5	1
28	0.13	0	9.5	5	0
28	0.25	0	18	5	1
28	0.13	0.5	18	5	1
28	0.13	0	9.5	5	0
28	0.25	0	18	5	0
28	0.13	0	9.5	5	0
28	0.25	0.5	9.5	5	0
28	0.13	0	9.5	5	0
28	0.38	0	9.5	5	0
28	0.13	0.75	65	5	0
28	0.13	0.25	18	5	0
28	0.25	0.25	18	5	0
28	0.38	0.75	65	5	0
28	0.38	0.25	5	5	0
28	0.38	0.25	34	5	1
28	0.25	0	5	5	0
28	0.25	0.25	34	5	0
28	0.13	0.25	18	5	0
28	0.38	0	18	5	1
28	0.13	0.5	18	5	0
28	0.13	0	34	5	1
28	0.38	0	5	5	0
28	0.25	0	9.5	5	1
28	0.13	0.5	5	5	0
28	0.25	0	5	5	0
28	0.25	0.5	65	5	1
28	0.38	0.5	65	5	1
28	0.25	0	5	5	0
28	0.38	0	34	5	1
28	0.25	0	65	5	1
28	0.25	0.75	5	5	0
28	0.25	0	65	5	1
28	0.25	0.75	65	5	0
28	0.13	0	9.5	5	1
28	0.25	0.75	5	5	0
28	0.38	0.75	9.5	5	0
28	0.38	0	9.5	5	1
28	0.13	0	34	5	1
28	0.38	0.5	5	5	0
28	0.38	0	18	5	1
28	0.13	0.75	5	5	0
28	0.25	0.25	34	5	0
28	0.13	0	5	5	1
28	0.25	0	65	5	1
28	0.13	0.5	34	5	1
28	0.13	0.25	34	5	0
28	0.38	0.75	9.5	5	0
28	0.13	0.25	34	5	0
28	0.13	0	65	5	0
28	0.13	0.75	9.5	5	0
28	0.25	0	65	5	0
28	0.25	0.25	9.5	5	0
28	0.13	0	34	5	0
28	0.25	0	65	5	1
28	0.38	0.25	65	5	1
28	0.25	0	9.5	5	1
28	0.25	0	34	5	0
28	0.38	0	5	5	1
28	0.13	0	5	5	0
28	0.13	0	9.5	5	1
28	0.38	0.75	18	5	0
28	0.13	0	18	5	0
28	0.13	0	9.5	5	0
28	0.38	0	34	5	1
28	0.38	0	5	5	1
28	0.13	0.5	9.5	5	0
28	0.38	0.5	65	5	1
28	0.25	0.5	34	5	1
28	0.25	0.75	9.5	5	0
28	0.13	0	34	5	0
28	0.25	0	65	5	1
28	0.38	0	34	5	1
28	0.13	0	9.5	5	0
28	0.13	0.25	5	5	0
28	0.13	0.25	34	5	0
28	0.13	0.75	34	5	0
28	0.25	0.5	9.5	5	0
28	0.25	0	18	5	0
28	0.25	0	18	5	0
28	0.38	0	5	5	0
28	0.25	0.75	9.5	5	0
28	0.13	0.5	34	5	0
28	0.38	0	65	5	1
28	0.25	0.5	18	5	0
28	0.13	0.5	5	5	0
28	0.13	0	5	5	0
28	0.25	0	18	5	0
28	0.38	0.5	5	5	0
28	0.13	0	18	5	1
28	0.25	0.75	5	5	0
28	0.38	0	5	5	0
28	0.13	0	34	5	0
28	0.25	0.25	18	5	0
28	0.38	0	65	5	1
28	0.13	0	34	5	0
28	0.38	0.25	18	5	1
28	0.25	0.75	34	5	0
28	0.13	0	34	5	0
28	0.25	0	65	5	1
28	0.25	0.75	34	5	0
28	0.13	0.5	65	5	1
28	0.13	0	9.5	5	0
28	0.25	0.25	5	5	0
28	0.38	0.75	5	5	1
28	0.25	0.25	65	5	0
28	0.25	0.75	9.5	5	0
28	0.25	0.75	65	5	1
28	0.38	0.25	18	5	1
28	0.38	0.75	18	5	0
28	0.25	0.5	34	5	0
28	0.38	0.5	5	5	0
28	0.25	0	65	5	1
28	0.38	0	5	5	0
28	0.38	0	18	5	0
28	0.38	0.25	65	5	1
28	0.13	0	34	5	0
28	0.13	0.75	65	5	0
28	0.38	0.75	65	5	1
28	0.13	0.25	9.5	5	1
29	0.13	0	5	5	0
29	0.38	0	5	5	0
29	0.38	0	34	5	1
29	0.25	0	18	5	1
29	0.25	0.5	65	5	1
29	0.13	0	9.5	5	1
29	0.25	0.5	9.5	5	0
29	0.25	0.75	65	5	0
29	0.38	0	34	5	1
29	0.38	0.25	9.5	5	0
29	0.25	0	9.5	5	1
29	0.38	0	5	5	0
29	0.13	0	65	5	1
29	0.38	0.25	5	5	0
29	0.13	0	65	5	1
29	0.38	0	34	5	1
29	0.38	0.25	9.5	5	0
29	0.25	0.25	18	5	0
29	0.25	0.5	5	5	0
29	0.38	0.75	9.5	5	0
29	0.25	0.25	9.5	5	0
29	0.13	0	34	5	1
29	0.38	0.75	18	5	0
29	0.13	0	9.5	5	0
29	0.25	0.75	65	5	0
29	0.38	0	18	5	1
29	0.38	0	34	5	1
29	0.25	0.5	9.5	5	0
29	0.38	0.75	9.5	5	0
29	0.38	0.75	18	5	0
29	0.13	0.25	9.5	5	0
29	0.25	0	34	5	1
29	0.13	0.25	65	5	0
29	0.25	0.75	34	5	0
29	0.13	0	34	5	1
29	0.25	0	18	5	0
29	0.38	0	65	5	1
29	0.38	0	5	5	0
29	0.25	0.5	65	5	0
29	0.13	0	65	5	1
29	0.25	0	18	5	1
29	0.13	0.25	5	5	0
29	0.25	0	34	5	1
29	0.38	0	65	5	1
29	0.13	0	18	5	1
29	0.25	0.25	65	5	1
29	0.13	0	65	5	1
29	0.25	0.5	5	5	0
29	0.25	0.25	18	5	0
29	0.38	0.25	34	5	1
29	0.25	0	18	5	1
29	0.38	0	65	5	1
29	0.38	0	5	5	0
29	0.13	0.75	18	5	0
29	0.25	0	65	5	1
29	0.38	0.5	9.5	5	1
29	0.13	0.75	34	5	0
29	0.13	0.75	5	5	0
29	0.38	0.75	5	5	0
29	0.38	0.25	34	5	1
29	0.25	0.25	34	5	1
29	0.25	0.75	9.5	5	0
29	0.13	0.5	34	5	0
29	0.38	0	9.5	5	1
29	0.13	0	34	5	0
29	0.13	0.5	65	5	0
29	0.13	0.75	34	5	0
29	0.38	0	34	5	1
29	0.25	0.25	18	5	1
29	0.38	0	9.5	5	1
29	0.13	0	9.5	5	0
29	0.25	0	5	5	0
29	0.13	0.75	34	5	0
29	0.13	0.5	5	5	0
29	0.25	0	34	5	1
29	0.25	0	18	5	0
29	0.13	0.75	18	5	0
29	0.25	0	34	5	1
29	0.38	0	18	5	1
29	0.13	0.75	9.5	5	0
29	0.38	0	34	5	1
29	0.25	0	34	5	1
29	0.38	0	18	5	1
29	0.25	0.5	18	5	0
29	0.25	0	65	5	1
29	0.38	0.25	9.5	5	1
29	0.13	0	34	5	1
29	0.25	0.5	65	5	1
29	0.13	0.75	65	5	0
29	0.38	0.25	18	5	1
29	0.38	0	5	5	1
29	0.13	0	5	5	0
29	0.13	0.5	65	5	0
29	0.38	0.25	18	5	1
29	0.13	0.25	5	5	0
29	0.38	0.25	18	5	1
29	0.38	0	5	5	0
29	0.13	0.75	5	5	0
29	0.13	0	18	5	0
29	0.13	0	5	5	0
29	0.38	0.25	34	5	1
29	0.25	0	65	5	1
29	0.25	0.25	65	5	1
29	0.25	0	34	5	1
29	0.13	0.25	34	5	0
29	0.25	0	34	5	1
29	0.13	0	65	5	1
29	0.13	0	5	5	0
29	0.13	0	5	5	0
29	0.13	0	65	5	1
29	0.13	0	9.5	5	0
29	0.25	0.5	5	5	0
29	0.13	0.75	65	5	0
29	0.25	0.75	18	5	0
29	0.25	0.5	34	5	0
29	0.38	0	65	5	1
29	0.38	0.5	5	5	0
29	0.38	0.5	34	5	1
29	0.38	0.25	9.5	5	1
29	0.38	0	9.5	5	1
29	0.38	0	9.5	5	0
29	0.13	0.75	9.5	5	0
29	0.25	0	18	5	0
29	0.25	0.75	5	5	0
29	0.13	0	9.5	5	0
29	0.25	0.5	34	5	0
29	0.13	0.75	34	5	0
29	0.13	0.25	5	5	0
29	0.38	0	9.5	5	1
29	0.13	0	65	5	1
29	0.25	0.75	18	5	0
29	0.38	0	65	5	1
29	0.38	0.5	9.5	5	1
29	0.25	0	18	5	0
29	0.38	0.25	65	5	1
29	0.38	0.75	65	5	1
29	0.13	0	9.5	5	0
29	0.25	0	18	5	1
29	0.13	0	65	5	1
29	0.38	0.5	18	5	0
29	0.13	0	65	5	1
29	0.25	0.25	9.5	5	0
29	0.25	0.75	5	5	0
29	0.13	0	65	5	1
29	0.13	0.75	34	5	0
29	0.25	0.5	5	5	0
29	0.13	0.5	18	5	0
29	0.38	0	9.5	5	0
29	0.25	0	18	5	1
29	0.38	0.25	18	5	1
29	0.13	0	18	5	1
29	0.38	0.25	34	5	1
29	0.25	0.5	5	5	0
29	0.38	0.25	65	5	1
29	0.38	0.25	34	5	1
29	0.25	0.5	18	5	0
29	0.25	0.5	9.5	5	0
29	0.25	0	5	5	0
29	0.38	0.75	18	5	1
29	0.13	0	5	5	0
29	0.25	0	9.5	5	0
29	0.13	0.75	18	5	0
29	0.38	0	9.5	5	1
29	0.38	0	5	5	0
29	0.13	0	18	5	0
29	0.25	0	5	5	0
29	0.13	0	9.5	5	0
29	0.25	0	5	5	0
29	0.25	0.5	34	5	0
29	0.38	0.5	65	5	1
29	0.13	0	9.5	5	0
29	0.38	0	5	5	0
29	0.25	0	9.5	5	0
29	0.13	0	34	5	1
29	0.13	0.5	9.5	5	0
29	0.38	0.75	5	5	0
29	0.13	0.5	65	5	0
29	0.25	0.5	65	5	1
29	0.38	0	18	5	1
29	0.25	0	5	5	1
30	0.38	0	5	5	0
30	0.38	0.75	65	5	1
30	0.25	0.5	9.5	5	0
30	0.25	0.5	9.5	5	0
30	0.13	0	65	5	1
30	0.38	0	65	5	1
30	0.25	0	34	5	1
30	0.25	0.5	65	5	1
30	0.38	0	34	5	1
30	0.38	0.75	65	5	1
30	0.38	0.25	65	5	1
30	0.13	0	18	5	0
30	0.13	0.25	18	5	0
30	0.25	0.5	9.5	5	0
30	0.13	0	34	5	1
30	0.38	0	65	5	1
30	0.13	0	18	5	1
30	0.38	0	5	5	1
30	0.13	0	5	5	0
30	0.13	0.5	65	5	0
30	0.13	0	65	5	1
30	0.13	0.25	34	5	0
30	0.13	0.25	5	5	0
30	0.13	0	65	5	1
30	0.13	0.75	65	5	0
30	0.25	0.25	18	5	1
30	0.13	0	65	5	1
30	0.13	0.25	18	5	0
30	0.25	0	9.5	5	1
30	0.13	0	34	5	1
30	0.13	0	34	5	1
30	0.25	0.25	34	5	1
30	0.25	0	5	5	1
30	0.25	0.25	18	5	1
30	0.13	0.75	9.5	5	0
30	0.25	0.75	18	5	0
30	0.13	0.5	18	5	0
30	0.25	0	34	5	1
30	0.25	0.25	5	5	0
30	0.25	0	34	5	1
30	0.38	0	34	5	1
30	0.13	0	5	5	0
30	0.38	0	9.5	5	1
30	0.38	0	34	5	1
30	0.13	0.25	5	5	0
30	0.13	0.75	18	5	0
30	0.38	0	18	5	1
30	0.25	0.75	9.5	5	0
30	0.38	0	9.5	5	1
30	0.13	0	5	5	0
30	0.13	0.5	5	5	0
30	0.13	0.75	34	5	0
30	0.25	0.5	5	5	0
30	0.13	0.5	18	5	0
30	0.13	0	9.5	5	0
30	0.13	0	18	5	0
30	0.38	0	5	5	1
30	0.38	0	9.5	5	1
30	0.38	0.5	34	5	1
30	0.25	0.75	18	5	0
30	0.25	0	18	5	1
30	0.38	0	5	5	0
30	0.13	0.75	9.5	5	0
30	0.38	0	5	5	0
30	0.25	0	34	5	1
30	0.13	0.25	65	5	1
30	0.13	0	9.5	5	1
30	0.13	0	34	5	1
30	0.25	0	9.5	5	1
30	0.13	0.25	34	5	0
30	0.13	0	65	5	1
30	0.25	0.75	34	5	0
30	0.25	0	18	5	1
30	0.38	0.25	5	5	0
30	0.38	0	34	5	1
30	0.38	0.75	5	5	0
30	0.25	0.75	5	5	0
30	0.38	0.25	65	5	1
30	0.25	0	18	5	1
30	0.13	0.25	18	5	0
30	0.25	0	34	5	1
30	0.38	0.5	65	5	1
30	0.38	0	5	5	0
30	0.38	0.75	18	5	0
30	0.13	0	65	5	1
30	0.13	0	34	5	1
30	0.25	0.25	18	5	0
30	0.13	0.25	65	5	0
30	0.13	0.5	9.5	5	0
30	0.13	0.25	65	5	1
30	0.38	0.25	9.5	5	1
30	0.25	0	5	5	0
30	0.13	0	34	5	1
30	0.25	0	9.5	5	1
30	0.25	0	5	5	0
30	0.38	0	65	5	1
30	0.13	0.75	18	5	0
30	0.25	0.25	34	5	1
30	0.25	0	65	5	1
30	0.38	0.5	5	5	0
30	0.38	0	34	5	1
30	0.13	0.25	9.5	5	0
30	0.25	0	9.5	5	1
30	0.13	0.25	9.5	5	0
30	0.38	0.5	18	5	1
30	0.38	0.75	9.5	5	0
30	0.25	0	9.5	5	1
30	0.25	0.5	5	5	0
30	0.25	0.5	18	5	0
30	0.13	0	5	5	0
30	0.38	0	65	5	1
30	0.13	0	65	5	1
30	0.38	0.25	34	5	1
30	0.38	0	9.5	5	1
30	0.38	0.5	34	5	1
30	0.38	0	18	5	1
30	0.38	0	65	5	1
30	0.25	0	65	5	1
30	0.13	0	18	5	1
30	0.38	0.5	5	5	0
30	0.25	0.75	5	5	0
30	0.38	0	5	5	0
30	0.38	0	18	5	1
30	0.38	0.5	34	5	1
30	0.25	0.75	9.5	5	0
30	0.38	0.75	34	5	1
30	0.13	0.75	9.5	5	0
30	0.38	0.5	5	5	0
30	0.25	0	65	5	1
30	0.25	0.25	9.5	5	0
30	0.25	0.25	34	5	1
30	0.25	0.5	9.5	5	0
30	0.38	0	34	5	1
30	0.25	0	34	5	1
30	0.38	0	65	5	1
30	0.25	0.75	18	5	0
30	0.25	0	5	5	0
30	0.38	0.25	5	5	0
30	0.13	0.5	18	5	0
30	0.13	0	65	5	1
30	0.13	0	34	5	1
30	0.25	0.5	9.5	5	0
30	0.13	0.5	9.5	5	0
30	0.38	0	65	5	1
30	0.38	0	18	5	1
30	0.25	0	5	5	0
30	0.25	0	9.5	5	0
30	0.38	0.25	18	5	1
30	0.13	0	18	5	1
30	0.25	0.75	5	5	0
30	0.25	0.5	9.5	5	0
30	0.13	0	34	5	1
30	0.25	0.5	5	5	0
30	0.25	0.75	5	5	0
30	0.38	0.75	34	5	1
30	0.25	0	9.5	5	1
30	0.38	0.5	34	5	1
30	0.13	0.75	9.5	5	0
30	0.25	0.75	34	5	0
30	0.38	0	65	5	1
30	0.38	0.5	65	5	1
30	0.38	0.5	5	5	0
30	0.25	0	65	5	1
30	0.13	0	5	5	0
30	0.25	0	18	5	1
30	0.13	0	65	5	1
30	0.13	0	18	5	1
30	0.25	0.75	9.5	5	0
30	0.38	0.25	65	5	1
30	0.13	0.75	5	5	0
30	0.13	0.75	9.5	5	0
30	0.38	0	9.5	5	1
30	0.38	0.75	65	5	1
30	0.13	0.25	9.5	5	0
30	0.25	0.25	18	5	1
30	0.38	0	18	5	1
30	0.25	0	34	5	1
30	0.25	0	18	5	1
30	0.38	0.5	18	5	1
30	0.38	0	65	5	1
